Time; Temperature; Luminosity 
0.338; 0.0; 386.6667
0.52; 25.25; 393.3333
0.7; 25.25; 393.3333
0.879; 25.25; 393.3333
1.058; 0.0; 386.6667
1.237; 0.0; 393.3333
1.416; 0.0; 386.6667
1.595; 25.25; 386.6667
1.774; 25.25; 393.3333
1.954; 25.25; 386.6667
2.134; 25.25; 393.3333
2.314; 25.25; 393.3333
2.494; 25.25; 393.3333
2.674; 25.25; 393.3333
2.854; 25.25; 393.3333
3.034; 25.25; 393.3333
3.214; 25.25; 393.3333
3.394; 25.25; 393.3333
3.574; 25.25; 393.3333
3.754; 25.25; 393.3333
3.933; 25.25; 393.3333
4.113; 25.25; 393.3333
4.297; 25.25; 393.3333
4.476; 25.25; 393.3333
4.655; 25.25; 393.3333
4.834; 25.25; 386.6667
5.013; 25.25; 386.6667
5.192; 25.25; 393.3333
5.374; 25.25; 386.6667
5.555; 25.25; 386.6667
5.734; 25.25; 393.3333
5.913; 25.25; 386.6667
6.092; 25.25; 393.3333
6.271; 25.25; 393.3333
6.45; 25.25; 393.3333
6.629; 25.25; 393.3333
6.808; 25.25; 393.3333
6.987; 25.25; 393.3333
7.166; 25.25; 393.3333
7.345; 25.25; 393.3333
7.524; 25.25; 386.6667
7.703; 25.25; 393.3333
7.882; 25.25; 393.3333
8.061; 25.25; 386.6667
8.245; 25.25; 386.6667
8.424; 25.25; 393.3333
8.603; 25.25; 386.6667
8.782; 25.25; 386.6667
8.961; 25.25; 393.3333
9.14; 25.25; 386.6667
9.319; 25.25; 393.3333
9.498; 25.25; 393.3333
9.677; 25.25; 386.6667
9.856; 25.25; 393.3333
10.035; 25.25; 393.3333
10.214; 25.0; 393.3333
10.393; 25.25; 386.6667
10.572; 25.25; 393.3333
10.751; 25.25; 386.6667
10.93; 25.0; 386.6667
11.113; 25.25; 393.3333
11.292; 25.25; 386.6667
11.471; 25.0; 386.6667
11.65; 25.25; 393.3333
11.829; 25.0; 386.6667
12.008; 25.0; 393.3333
12.192; 25.0; 393.3333
12.371; 25.0; 386.6667
12.55; 25.0; 386.6667
12.729; 25.0; 393.3333
12.908; 25.0; 393.3333
13.087; 25.0; 393.3333
13.266; 25.0; 393.3333
13.445; 25.0; 393.3333
13.624; 25.0; 386.6667
13.803; 25.0; 393.3333
13.982; 25.0; 393.3333
14.161; 25.0; 386.6667
14.34; 25.0; 393.3333
14.519; 25.0; 386.6667
14.698; 25.0; 386.6667
14.877; 25.0; 393.3333
15.056; 25.0; 393.3333
15.235; 25.0; 393.3333
15.414; 25.0; 393.3333
15.593; 25.0; 393.3333
15.772; 25.0; 393.3333
15.951; 25.0; 393.3333
16.13; 25.0; 393.3333
16.314; 25.0; 386.6667
16.493; 25.0; 393.3333
16.677; 25.0; 393.3333
16.856; 25.0; 386.6667
17.035; 25.0; 386.6667
17.214; 25.0; 393.3333
17.393; 25.0; 386.6667
17.572; 25.0; 393.3333
17.751; 25.0; 393.3333
17.93; 25.0; 386.6667
18.109; 25.0; 393.3333
18.288; 25.0; 393.3333
18.467; 25.0; 386.6667
18.646; 25.0; 393.3333
18.825; 25.0; 393.3333
19.004; 25.0; 386.6667
19.183; 25.0; 393.3333
19.362; 25.0; 393.3333
19.541; 25.0; 386.6667
19.72; 25.0; 393.3333
19.899; 25.25; 393.3333
20.078; 25.25; 386.6667
20.262; 25.25; 386.6667
20.441; 25.25; 393.3333
20.62; 25.25; 386.6667
20.799; 25.25; 393.3333
20.978; 25.25; 393.3333
21.161; 25.25; 386.6667
21.34; 25.0; 393.3333
21.519; 25.25; 393.3333
21.698; 25.25; 386.6667
21.877; 25.25; 393.3333
22.06; 25.25; 393.3333
22.239; 25.25; 393.3333
22.418; 25.25; 393.3333
22.597; 25.25; 393.3333
22.776; 25.25; 393.3333
22.955; 25.25; 393.3333
23.134; 25.25; 393.3333
23.313; 25.25; 386.6667
23.492; 25.25; 386.6667
23.671; 25.25; 393.3333
23.85; 25.25; 386.6667
24.029; 25.25; 393.3333
24.205; 25.25; 386.6667
24.384; 25.25; 386.6667
24.563; 25.25; 393.3333
24.742; 25.25; 393.3333
24.921; 25.25; 393.3333
25.1; 25.25; 393.3333
25.279; 25.25; 393.3333
25.458; 25.25; 393.3333
25.637; 25.25; 393.3333
25.816; 25.25; 393.3333
25.995; 25.25; 393.3333
26.174; 25.25; 393.3333
26.353; 25.25; 386.6667
26.532; 25.25; 386.6667
26.711; 25.25; 393.3333
26.89; 25.25; 386.6667
27.069; 25.25; 386.6667
27.248; 25.25; 393.3333
27.427; 25.25; 386.6667
27.606; 25.25; 393.3333
27.79; 25.5; 393.3333
27.974; 25.25; 393.3333
28.154; 25.5; 386.6667
28.334; 25.5; 393.3333
28.514; 25.25; 386.6667
28.694; 25.5; 386.6667
28.874; 25.25; 393.3333
29.054; 25.5; 393.3333
29.234; 25.25; 386.6667
29.414; 25.25; 393.3333
29.594; 25.25; 393.3333
29.774; 25.25; 386.6667
29.954; 25.25; 393.3333
30.134; 25.25; 393.3333
30.314; 25.25; 386.6667
30.494; 25.25; 393.3333
30.674; 25.25; 393.3333
30.854; 25.25; 393.3333
31.033; 25.25; 393.3333
31.213; 25.25; 393.3333
31.393; 25.25; 393.3333
31.572; 25.25; 386.6667
31.752; 25.25; 393.3333
31.937; 25.25; 393.3333
32.117; 25.25; 386.6667
32.297; 25.25; 393.3333
32.477; 25.25; 393.3333
32.657; 25.25; 386.6667
32.837; 25.25; 393.3333
33.016; 25.25; 393.3333
33.195; 25.25; 386.6667
33.378; 25.25; 386.6667
33.56; 25.25; 393.3333
33.74; 25.25; 386.6667
33.919; 25.25; 386.6667
34.099; 25.25; 393.3333
34.279; 25.25; 386.6667
34.459; 25.25; 386.6667
34.638; 25.25; 393.3333
34.818; 25.25; 386.6667
34.998; 25.25; 386.6667
35.178; 25.25; 393.3333
35.358; 25.25; 386.6667
35.537; 25.25; 393.3333
35.721; 25.25; 393.3333
35.9; 25.25; 386.6667
36.079; 25.25; 386.6667
36.258; 25.25; 393.3333
36.437; 25.25; 393.3333
36.616; 25.25; 393.3333
36.795; 25.25; 393.3333
36.974; 25.25; 393.3333
37.153; 25.0; 393.3333
37.332; 25.0; 393.3333
37.511; 25.25; 393.3333
37.69; 25.25; 393.3333
37.869; 25.0; 393.3333
38.048; 25.0; 386.6667
38.227; 25.0; 393.3333
38.406; 25.0; 393.3333
38.585; 25.0; 386.6667
38.764; 25.0; 393.3333
38.943; 25.0; 393.3333
39.127; 25.0; 386.6667
39.306; 25.0; 386.6667
39.485; 25.0; 393.3333
39.669; 25.0; 386.6667
39.85; 25.0; 386.6667
40.029; 25.0; 393.3333
40.208; 25.0; 386.6667
40.387; 25.0; 386.6667
40.566; 25.0; 393.3333
40.745; 25.0; 386.6667
40.924; 25.0; 393.3333
41.103; 25.0; 393.3333
41.282; 25.0; 386.6667
41.461; 25.0; 393.3333
41.64; 25.0; 393.3333
41.819; 25.0; 386.6667
41.998; 25.0; 393.3333
42.177; 25.0; 386.6667
42.356; 25.0; 386.6667
42.535; 25.0; 393.3333
42.714; 25.0; 393.3333
42.893; 25.0; 386.6667
43.074; 25.0; 393.3333
43.253; 25.0; 393.3333
43.432; 25.0; 386.6667
43.616; 25.0; 393.3333
43.795; 25.0; 393.3333
43.974; 25.0; 386.6667
44.153; 25.0; 393.3333
44.332; 25.0; 393.3333
44.511; 25.0; 386.6667
44.695; 25.0; 393.3333
44.874; 25.0; 393.3333
45.053; 25.0; 386.6667
45.232; 25.0; 393.3333
45.411; 25.0; 393.3333
45.59; 25.0; 386.6667
45.769; 25.0; 393.3333
45.948; 25.0; 386.6667
46.127; 25.0; 386.6667
46.306; 25.25; 393.3333
46.485; 25.25; 386.6667
46.664; 25.0; 393.3333
46.843; 25.25; 393.3333
47.022; 25.25; 393.3333
47.201; 25.25; 393.3333
47.38; 25.25; 393.3333
47.564; 25.25; 393.3333
47.743; 25.25; 393.3333
47.922; 25.25; 393.3333
48.101; 25.25; 393.3333
48.28; 25.25; 393.3333
48.459; 25.25; 393.3333
48.638; 25.25; 386.6667
48.817; 25.25; 386.6667
48.996; 25.25; 393.3333
49.175; 25.25; 386.6667
49.354; 25.25; 393.3333
49.533; 25.25; 393.3333
49.712; 25.25; 386.6667
49.891; 25.25; 393.3333
50.07; 25.25; 386.6667
50.252; 25.25; 386.6667
50.431; 25.25; 393.3333
50.61; 25.25; 386.6667
50.789; 25.25; 386.6667
50.968; 25.25; 393.3333
51.147; 25.25; 393.3333
51.326; 25.25; 393.3333
51.51; 25.25; 393.3333
51.689; 25.25; 393.3333
51.868; 25.25; 386.6667
52.047; 25.25; 393.3333
52.226; 25.25; 393.3333
52.405; 25.25; 386.6667
52.584; 25.25; 393.3333
52.763; 25.25; 393.3333
52.942; 25.25; 386.6667
53.121; 25.25; 393.3333
53.3; 25.25; 393.3333
53.479; 25.25; 386.6667
53.658; 25.25; 393.3333
53.837; 25.25; 386.6667
54.016; 25.5; 386.6667
54.195; 25.5; 393.3333
54.374; 25.5; 386.6667
54.553; 25.5; 393.3333
54.732; 25.5; 393.3333
54.911; 25.25; 386.6667
55.09; 25.5; 393.3333
55.269; 25.25; 393.3333
55.453; 25.5; 386.6667
55.632; 25.25; 393.3333
55.814; 25.5; 393.3333
55.993; 25.25; 386.6667
56.176; 25.5; 386.6667
56.355; 25.25; 393.3333
56.534; 25.25; 386.6667
56.713; 25.25; 393.3333
56.892; 25.25; 393.3333
57.071; 25.25; 393.3333
57.25; 25.25; 393.3333
57.429; 25.25; 393.3333
57.608; 25.25; 393.3333
57.787; 25.25; 393.3333
57.966; 25.25; 393.3333
58.145; 25.25; 386.6667
58.324; 25.25; 386.6667
58.503; 25.25; 393.3333
58.682; 25.25; 386.6667
58.861; 25.25; 393.3333
59.04; 25.25; 393.3333
59.224; 25.25; 386.6667
59.404; 25.25; 386.6667
59.583; 25.25; 393.3333
59.763; 25.25; 386.6667
59.943; 25.25; 393.3333
60.122; 25.25; 393.3333
60.302; 25.25; 386.6667
60.482; 25.25; 393.3333
60.662; 25.25; 393.3333
60.842; 25.25; 386.6667
61.022; 25.25; 393.3333
61.204; 25.25; 393.3333
61.383; 25.25; 386.6667
61.562; 25.25; 393.3333
61.742; 25.25; 393.3333
61.922; 25.25; 386.6667
62.101; 25.25; 393.3333
62.28; 25.25; 393.3333
62.46; 25.25; 393.3333
62.64; 25.25; 393.3333
62.82; 25.25; 393.3333
63.0; 25.25; 393.3333
63.185; 25.25; 386.6667
63.365; 25.25; 393.3333
63.545; 25.25; 393.3333
63.725; 25.25; 386.6667
63.904; 25.25; 393.3333
64.083; 25.25; 393.3333
64.263; 25.25; 386.6667
64.443; 25.25; 393.3333
64.623; 25.25; 393.3333
64.802; 25.25; 386.6667
64.982; 25.25; 393.3333
65.16201; 25.25; 393.3333
65.342; 25.25; 386.6667
65.522; 25.0; 386.6667
65.701; 25.25; 393.3333
65.88; 25.25; 386.6667
66.06; 25.0; 393.3333
66.24; 25.0; 393.3333
66.42; 25.0; 386.6667
66.6; 25.25; 393.3333
66.779; 25.0; 393.3333
66.968; 25.0; 393.3333
67.147; 25.0; 386.6667
67.326; 25.0; 393.3333
67.505; 25.0; 386.6667
67.684; 25.0; 386.6667
67.863; 25.0; 393.3333
68.042; 25.0; 386.6667
68.221; 25.0; 393.3333
68.4; 25.0; 393.3333
68.578; 25.0; 386.6667
68.757; 0.0; 393.3333
68.936; 25.25; 393.3333
69.115; 25.5; 386.6667
69.294; 25.5; 393.3333
69.473; 25.5; 393.3333
69.652; 25.25; 386.6667
69.831; 25.5; 393.3333
70.01; 25.5; 393.3333
70.189; 25.5; 386.6667
70.368; 25.5; 393.3333
70.547; 25.25; 386.6667
70.726; 25.5; 386.6667
70.905; 25.5; 366.6667
71.089; 25.25; 373.3333
71.268; 25.5; 346.6666
71.447; 25.25; 400.0
71.625; 25.25; 180.0
71.803; 0.0; 220.0
71.98101; 25.5; 146.6667
72.16001; 25.5; 60.0
72.338; 25.5; 80.0
72.52; 0.0; 459.9999
72.698; 0.0; 626.6666
72.877; 0.0; 666.6666
73.056; 25.75; 666.6666
73.235; 25.5; 660.0
73.413; 25.5; 660.0
73.591; 0.0; 633.3333
73.77; 25.5; 613.3333
73.949; 25.5; 633.3333
74.128; 25.5; 660.0
74.306; 25.5; 686.6666
74.485; 0.0; 766.6666
74.664; 25.5; 773.3333
74.843; 25.5; 773.3333
75.02201; 25.5; 779.9999
75.206; 25.5; 746.6666
75.385; 25.5; 686.6666
75.564; 25.5; 733.3333
75.743; 25.5; 786.6666
75.922; 25.5; 819.9999
76.101; 25.5; 813.3333
76.28; 25.5; 819.9999
76.459; 25.5; 773.3333
76.638; 25.5; 766.6666
76.817; 25.5; 726.6666
76.996; 25.5; 680.0
77.17401; 25.5; 666.6666
77.353; 0.0; 733.3333
77.532; 25.5; 773.3333
77.711; 25.5; 786.6666
77.89; 25.5; 766.6666
78.069; 25.5; 760.0
78.252; 25.5; 740.0
78.43; 25.5; 733.3333
78.609; 25.5; 720.0
78.787; 25.5; 706.6666
78.966; 25.5; 700.0
79.144; 25.5; 693.3333
79.328; 25.5; 653.3333
79.507; 25.5; 533.3333
79.686; 25.5; 459.9999
79.865; 25.5; 459.9999
80.044; 25.5; 453.3333
80.223; 25.5; 459.9999
80.402; 25.5; 453.3333
80.58101; 25.5; 446.6667
80.76; 25.5; 453.3333
80.93901; 25.5; 453.3333
81.118; 25.5; 453.3333
81.297; 25.5; 440.0
81.475; 25.5; 446.6667
81.65401; 25.5; 446.6667
81.833; 25.5; 440.0
82.011; 25.5; 440.0
82.18901; 25.5; 446.6667
82.368; 25.5; 440.0
82.546; 25.5; 440.0
82.724; 25.5; 446.6667
82.903; 25.5; 440.0
83.08101; 25.5; 433.3333
83.26; 25.5; 433.3333
83.444; 25.5; 440.0
83.62201; 25.5; 433.3333
83.806; 25.5; 433.3333
83.985; 25.5; 433.3333
84.164; 25.5; 440.0
84.342; 25.5; 433.3333
84.52101; 25.5; 426.6666
84.7; 25.5; 433.3333
84.878; 25.5; 433.3333
85.057; 0.0; 426.6666
85.23601; 25.75; 433.3333
85.415; 25.75; 433.3333
85.59401; 25.75; 433.3333
85.773; 25.75; 426.6666
85.95201; 25.75; 433.3333
86.131; 25.5; 426.6666
86.31; 25.75; 433.3333
86.489; 25.75; 433.3333
86.668; 25.75; 433.3333
86.847; 25.75; 426.6666
87.026; 25.75; 433.3333
87.205; 25.75; 433.3333
87.381; 25.75; 426.6666
87.56; 25.75; 426.6666
87.739; 25.75; 433.3333
87.918; 25.75; 426.6666
88.097; 25.75; 426.6666
88.276; 25.75; 433.3333
88.455; 25.5; 433.3333
88.634; 25.75; 426.6666
88.81301; 25.5; 433.3333
88.99199; 25.75; 426.6666
89.171; 25.5; 426.6666
89.355; 25.75; 426.6666
89.534; 25.5; 433.3333
89.713; 25.75; 426.6666
89.892; 25.5; 420.0
90.07; 25.75; 426.6666
90.249; 25.75; 426.6666
90.428; 25.5; 420.0
90.607; 25.75; 426.6666
90.78601; 25.5; 426.6666
90.96499; 25.75; 420.0
91.153; 25.5; 420.0
91.33201; 25.75; 426.6666
91.511; 25.5; 426.6666
91.69101; 25.5; 420.0
91.871; 25.5; 420.0
92.05001; 25.5; 426.6666
92.23001; 25.5; 420.0
92.41; 25.5; 426.6666
92.589; 25.5; 426.6666
92.769; 25.5; 426.6666
92.948; 25.5; 420.0
93.126; 25.5; 426.6666
93.306; 25.5; 426.6666
93.486; 25.5; 420.0
93.665; 25.5; 426.6666
93.844; 0.0; 426.6666
94.024; 25.75; 426.6666
94.20401; 25.75; 420.0
94.383; 25.75; 426.6666
94.562; 25.75; 420.0
94.74299; 25.75; 420.0
94.922; 25.75; 420.0
95.101; 25.75; 426.6666
95.28501; 0.0; 426.6666
95.465; 25.75; 420.0
95.644; 25.75; 426.6666
95.823; 0.0; 420.0
96.002; 25.75; 420.0
96.182; 25.75; 420.0
96.361; 25.75; 426.6666
96.541; 0.0; 420.0
96.71901; 25.75; 426.6666
96.898; 25.75; 426.6666
97.07801; 25.75; 420.0
97.25801; 25.75; 420.0
97.438; 25.75; 420.0
97.617; 25.75; 426.6666
97.797; 0.0; 420.0
97.975; 25.75; 426.6666
98.154; 25.75; 420.0
98.334; 25.75; 420.0
98.512; 25.75; 420.0
98.69201; 0.0; 426.6666
98.872; 25.75; 420.0
99.05101; 25.75; 420.0
99.231; 0.0; 426.6666
99.41501; 25.75; 420.0
99.594; 25.75; 420.0
99.77201; 25.75; 420.0
99.951; 0.0; 426.6666
100.13; 25.75; 420.0
100.308; 25.75; 426.6666
100.493; 0.0; 426.6666
100.672; 25.75; 420.0
100.851; 25.75; 420.0
101.03; 25.75; 420.0
101.208; 25.75; 426.6666
101.387; 0.0; 420.0
101.565; 25.75; 426.6666
101.744; 25.75; 420.0
101.923; 25.75; 420.0
102.102; 25.75; 420.0
102.281; 25.75; 426.6666
102.46; 25.75; 420.0
102.638; 25.75; 426.6666
102.817; 0.0; 426.6666
102.996; 25.75; 420.0
103.175; 25.75; 420.0
103.354; 25.75; 426.6666
103.538; 25.75; 426.6666
103.717; 25.75; 420.0
103.896; 25.75; 426.6666
104.075; 25.75; 420.0
104.254; 25.75; 420.0
104.433; 25.75; 420.0
104.612; 25.75; 426.6666
104.791; 25.75; 420.0
104.97; 25.75; 426.6666
105.149; 25.75; 426.6666
105.328; 25.75; 420.0
105.507; 25.75; 420.0
105.686; 25.75; 426.6666
105.865; 25.75; 426.6666
106.047; 25.75; 420.0
106.226; 25.75; 420.0
106.405; 25.75; 420.0
106.584; 25.75; 420.0
106.763; 25.75; 420.0
106.942; 25.75; 426.6666
107.121; 25.75; 420.0
107.3; 25.75; 420.0
107.483; 25.75; 420.0
107.662; 0.0; 420.0
107.84; 0.0; 420.0
108.018; 0.0; 426.6666
108.197; 25.75; 426.6666
108.376; 25.75; 420.0
108.555; 25.75; 420.0
108.734; 25.75; 420.0
108.913; 25.75; 420.0
109.092; 25.75; 420.0
109.271; 25.75; 426.6666
109.45; 25.75; 420.0
109.628; 25.75; 420.0
109.807; 0.0; 420.0
109.985; 25.75; 420.0
110.164; 25.75; 420.0
110.343; 25.75; 426.6666
110.522; 25.75; 420.0
110.701; 25.75; 420.0
110.88; 25.75; 420.0
111.058; 25.75; 420.0
111.237; 0.0; 420.0
111.415; 25.75; 426.6666
111.602; 25.75; 426.6666
111.781; 25.75; 420.0
111.96; 25.75; 420.0
112.138; 25.75; 420.0
112.317; 0.0; 420.0
112.495; 25.75; 413.3333
112.674; 25.75; 420.0
112.853; 25.75; 420.0
113.032; 25.75; 420.0
113.211; 25.75; 420.0
113.39; 25.75; 420.0
113.568; 25.75; 413.3333
113.747; 0.0; 400.0
113.925; 25.75; 373.3333
114.104; 25.75; 413.3333
114.283; 25.75; 426.6666
114.462; 25.75; 420.0
114.641; 25.75; 420.0
114.82; 25.75; 420.0
114.998; 25.75; 420.0
115.177; 0.0; 413.3333
115.356; 25.75; 420.0
115.535; 25.75; 420.0
115.719; 25.75; 420.0
115.898; 25.75; 420.0
116.077; 25.75; 420.0
116.256; 25.75; 420.0
116.435; 25.75; 420.0
116.614; 25.75; 420.0
116.793; 25.75; 420.0
116.972; 25.75; 420.0
117.155; 25.75; 420.0
117.335; 25.75; 286.6667
117.514; 25.75; 313.3333
117.693; 25.75; 386.6667
117.872; 25.75; 413.3333
118.051; 25.75; 413.3333
118.23; 25.75; 413.3333
118.409; 25.75; 413.3333
118.588; 25.75; 420.0
118.767; 25.75; 413.3333
118.946; 25.75; 420.0
119.125; 25.75; 413.3333
119.304; 25.75; 406.6667
119.483; 25.75; 406.6667
119.667; 25.75; 413.3333
119.846; 25.75; 413.3333
120.025; 25.75; 406.6667
120.204; 25.75; 413.3333
120.383; 25.75; 413.3333
120.562; 25.75; 406.6667
120.741; 25.75; 413.3333
120.92; 25.75; 413.3333
121.099; 25.75; 413.3333
121.278; 25.75; 406.6667
121.457; 25.75; 413.3333
121.636; 25.5; 406.6667
121.815; 25.75; 413.3333
121.994; 25.5; 413.3333
122.173; 25.75; 400.0
122.352; 25.5; 413.3333
122.531; 25.5; 420.0
122.709; 25.5; 420.0
122.892; 0.0; 413.3333
123.071; 25.75; 420.0
123.25; 25.75; 406.6667
123.434; 25.75; 413.3333
123.614; 25.75; 413.3333
123.794; 25.75; 420.0
123.974; 25.75; 420.0
124.154; 25.75; 413.3333
124.334; 25.75; 413.3333
124.513; 25.75; 420.0
124.693; 25.75; 413.3333
124.873; 25.75; 413.3333
125.053; 25.75; 420.0
125.233; 25.75; 420.0
125.412; 25.75; 413.3333
125.591; 25.75; 420.0
125.77; 25.75; 420.0
125.953; 25.75; 413.3333
126.132; 25.75; 413.3333
126.311; 25.75; 413.3333
126.491; 25.75; 420.0
126.67; 25.75; 413.3333
126.85; 0.0; 420.0
127.029; 25.75; 420.0
127.209; 25.75; 413.3333
127.393; 25.75; 413.3333
127.573; 25.75; 420.0
127.752; 25.75; 420.0
127.931; 25.75; 413.3333
128.114; 25.75; 413.3333
128.295; 25.75; 420.0
128.475; 25.75; 413.3333
128.655; 25.75; 413.3333
128.835; 25.75; 420.0
129.015; 25.75; 420.0
129.195; 25.75; 413.3333
129.375; 25.75; 413.3333
129.555; 25.75; 420.0
129.734; 25.75; 413.3333
129.914; 25.75; 413.3333
130.093; 25.75; 420.0
130.273; 25.75; 420.0
130.453; 25.75; 413.3333
130.633; 25.75; 413.3333
130.812; 25.75; 420.0
130.992; 25.75; 413.3333
131.172; 25.75; 413.3333
131.356; 25.75; 420.0
131.535; 25.75; 420.0
131.714; 25.75; 420.0
131.893; 25.75; 413.3333
132.072; 25.75; 420.0
132.251; 25.75; 413.3333
132.43; 25.75; 413.3333
132.609; 25.75; 420.0
132.788; 25.75; 420.0
132.967; 25.75; 413.3333
133.146; 25.75; 420.0
133.325; 25.75; 420.0
133.504; 25.75; 413.3333
133.683; 25.5; 413.3333
133.865; 25.75; 413.3333
134.044; 25.5; 420.0
134.223; 25.5; 413.3333
134.402; 25.75; 420.0
134.581; 25.5; 413.3333
134.76; 25.5; 413.3333
134.939; 25.5; 413.3333
135.118; 25.75; 420.0
135.302; 25.5; 420.0
135.48; 25.5; 413.3333
135.659; 0.0; 420.0
135.837; 25.75; 413.3333
136.016; 25.75; 413.3333
136.195; 25.75; 413.3333
136.374; 25.75; 420.0
136.553; 25.75; 413.3333
136.732; 25.75; 420.0
136.911; 25.75; 420.0
137.092; 25.75; 420.0
137.271; 25.75; 413.3333
137.45; 25.75; 420.0
137.629; 25.75; 420.0
137.808; 25.75; 413.3333
137.987; 25.75; 420.0
138.166; 25.75; 420.0
138.345; 25.75; 413.3333
138.524; 25.75; 413.3333
138.703; 25.75; 420.0
138.882; 25.75; 413.3333
139.061; 25.75; 413.3333
139.245; 25.75; 420.0
139.428; 25.75; 420.0
139.607; 25.75; 420.0
139.786; 25.75; 413.3333
139.965; 25.75; 420.0
140.144; 25.75; 413.3333
140.323; 25.75; 413.3333
140.502; 25.75; 420.0
140.681; 25.75; 420.0
140.86; 25.75; 413.3333
141.039; 25.75; 420.0
141.218; 25.75; 420.0
141.397; 25.75; 413.3333
141.576; 25.75; 413.3333
141.755; 25.75; 420.0
141.934; 25.75; 413.3333
142.113; 25.5; 413.3333
142.292; 25.75; 420.0
142.471; 25.5; 413.3333
142.65; 25.75; 413.3333
142.829; 25.5; 413.3333
143.008; 25.5; 420.0
143.192; 25.5; 413.3333
143.371; 25.5; 413.3333
143.55; 25.5; 420.0
143.728; 25.5; 413.3333
143.907; 25.5; 413.3333
144.086; 25.5; 420.0
144.264; 25.5; 420.0
144.442; 0.0; 413.3333
144.621; 25.75; 420.0
144.8; 25.75; 413.3333
144.982; 25.75; 413.3333
145.161; 25.75; 413.3333
145.34; 25.75; 420.0
145.518; 25.75; 413.3333
145.697; 0.0; 420.0
145.875; 25.75; 420.0
146.054; 25.75; 413.3333
146.233; 25.75; 413.3333
146.412; 25.75; 420.0
146.591; 25.75; 413.3333
146.772; 25.75; 413.3333
146.951; 25.75; 420.0
147.135; 25.75; 420.0
147.314; 25.75; 413.3333
147.493; 25.75; 413.3333
147.672; 25.75; 420.0
147.851; 25.75; 420.0
148.03; 25.75; 413.3333
148.209; 25.75; 420.0
148.388; 25.75; 413.3333
148.567; 25.75; 413.3333
148.746; 25.75; 413.3333
148.925; 25.75; 420.0
149.104; 25.75; 413.3333
149.283; 25.75; 420.0
149.462; 25.75; 420.0
149.641; 25.75; 413.3333
149.82; 25.75; 413.3333
149.999; 25.75; 420.0
150.178; 25.75; 413.3333
150.357; 25.75; 413.3333
150.54; 25.75; 420.0
150.719; 25.75; 413.3333
150.898; 0.0; 413.3333
151.082; 25.75; 413.3333
151.261; 25.75; 420.0
151.44; 25.75; 420.0
151.618; 25.75; 413.3333
151.797; 0.0; 420.0
151.975; 25.75; 413.3333
152.154; 25.75; 413.3333
152.333; 25.75; 413.3333
152.512; 25.75; 420.0
152.691; 25.75; 413.3333
152.87; 25.75; 420.0
153.048; 25.75; 413.3333
153.227; 0.0; 413.3333
153.406; 25.75; 413.3333
153.585; 25.75; 420.0
153.764; 25.75; 413.3333
153.943; 25.75; 420.0
154.122; 25.75; 420.0
154.301; 25.75; 413.3333
154.48; 25.75; 413.3333
154.659; 25.75; 413.3333
154.843; 25.75; 173.3333
155.023; 25.75; 286.6667
155.203; 25.75; 380.0
155.383; 25.75; 393.3333
155.563; 25.75; 393.3333
155.742; 25.75; 386.6667
155.922; 25.75; 393.3333
156.101; 25.75; 540.0
156.285; 25.75; 693.3333
156.465; 25.75; 773.3333
156.645; 25.75; 773.3333
156.825; 25.75; 666.6666
157.005; 25.75; 93.33333
157.185; 25.75; 20.0
157.364; 25.75; 20.0
157.543; 0.0; 20.0
157.722; 26.5; 20.0
157.901; 26.5; 20.0
158.08; 0.0; 20.0
158.259; 27.0; 20.0
158.438; 27.0; 13.33333
158.618; 0.0; 13.33333
158.798; 27.25; 13.33333
158.983; 27.5; 20.0
159.162; 27.5; 20.0
159.341; 27.5; 20.0
159.52; 0.0; 20.0
159.699; 27.75; 20.0
159.878; 27.75; 20.0
160.057; 0.0; 13.33333
160.237; 28.0; 13.33333
160.416; 28.0; 13.33333
160.595; 28.0; 20.0
160.778; 28.25; 20.0
160.957; 28.25; 20.0
161.136; 28.25; 13.33333
161.315; 28.25; 13.33333
161.495; 28.25; 13.33333
161.677; 28.25; 13.33333
161.857; 28.25; 20.0
162.036; 28.25; 20.0
162.215; 0.0; 13.33333
162.395; 28.5; 13.33333
162.575; 28.5; 13.33333
162.755; 28.5; 20.0
162.934; 28.5; 20.0
163.117; 0.0; 13.33333
163.296; 28.5; 13.33333
163.475; 28.5; 13.33333
163.654; 28.5; 13.33333
163.833; 28.5; 13.33333
164.012; 28.5; 13.33333
164.191; 28.75; 20.0
164.369; 28.75; 20.0
164.547; 0.0; 13.33333
164.726; 28.75; 13.33333
164.905; 0.0; 13.33333
165.084; 0.0; 13.33333
165.263; 28.75; 13.33333
165.442; 28.75; 13.33333
165.621; 28.75; 20.0
165.8; 28.75; 13.33333
165.979; 29.0; 13.33333
166.158; 0.0; 20.0
166.336; 0.0; 13.33333
166.515; 0.0; 13.33333
166.694; 29.0; 13.33333
166.873; 29.0; 13.33333
167.057; 29.0; 13.33333
167.241; 0.0; 13.33333
167.42; 29.0; 20.0
167.598; 29.0; 13.33333
167.777; 0.0; 13.33333
167.956; 29.0; 13.33333
168.135; 29.0; 20.0
168.313; 29.0; 13.33333
168.492; 0.0; 13.33333
168.671; 29.0; 13.33333
168.85; 29.0; 13.33333
169.029; 29.0; 20.0
169.207; 29.0; 13.33333
169.386; 0.0; 20.0
169.564; 0.0; 13.33333
169.743; 29.0; 13.33333
169.922; 29.0; 13.33333
170.101; 29.0; 13.33333
170.28; 29.0; 20.0
170.458; 29.0; 13.33333
170.637; 0.0; 13.33333
170.816; 29.25; 13.33333
171.0; 29.25; 13.33333
171.179; 29.25; 20.0
171.357; 0.0; 20.0
171.535; 0.0; 13.33333
171.714; 29.25; 13.33333
171.893; 29.25; 13.33333
172.072; 29.25; 13.33333
172.251; 29.25; 13.33333
172.43; 29.25; 13.33333
172.609; 29.25; 20.0
172.791; 29.25; 13.33333
172.97; 29.5; 13.33333
173.149; 29.5; 13.33333
173.328; 0.0; 20.0
173.506; 0.0; 13.33333
173.685; 0.0; 13.33333
173.864; 29.5; 20.0
174.042; 0.0; 13.33333
174.221; 29.5; 20.0
174.399; 29.5; 13.33333
174.578; 0.0; 13.33333
174.757; 29.5; 20.0
174.935; 29.5; 13.33333
175.119; 0.0; 13.33333
175.298; 29.5; 13.33333
175.477; 29.5; 20.0
175.655; 29.5; 13.33333
175.834; 0.0; 13.33333
176.013; 29.5; 13.33333
176.192; 29.5; 13.33333
176.371; 29.5; 20.0
176.549; 29.5; 13.33333
176.728; 0.0; 13.33333
176.907; 0.0; 13.33333
177.086; 29.75; 20.0
177.265; 29.75; 13.33333
177.444; 29.75; 13.33333
177.623; 29.75; 13.33333
177.802; 29.75; 13.33333
177.981; 29.75; 20.0
178.159; 29.75; 13.33333
178.338; 0.0; 13.33333
178.522; 29.75; 20.0
178.7; 29.75; 13.33333
178.879; 0.0; 13.33333
179.063; 29.75; 13.33333
179.242; 30.0; 20.0
179.42; 30.0; 26.66667
179.599; 0.0; 20.0
179.777; 0.0; 13.33333
179.956; 0.0; 13.33333
180.135; 30.0; 13.33333
180.314; 30.0; 13.33333
180.493; 30.0; 13.33333
180.672; 30.0; 20.0
180.85; 30.0; 20.0
181.028; 0.0; 13.33333
181.207; 30.0; 13.33333
181.386; 30.0; 20.0
181.564; 30.0; 13.33333
181.743; 0.0; 20.0
181.921; 0.0; 13.33333
182.1; 0.0; 20.0
182.278; 30.0; 13.33333
182.457; 30.25; 13.33333
182.636; 0.0; 20.0
182.814; 0.0; 13.33333
182.993; 0.0; 20.0
183.171; 0.0; 20.0
183.346; 0.0; 20.0
183.524; 0.0; 340.0
183.702; 0.0; 720.0
183.88; 0.0; 613.3333
184.064; 0.0; 500.0
184.242; 0.0; 440.0
184.42; 0.0; 560.0
184.598; 0.0; 546.6666
184.777; 0.0; 540.0
184.955; 0.0; 540.0
185.133; 0.0; 526.6666
185.312; 29.25; 526.6666
185.491; 29.25; 526.6666
185.67; 29.25; 520.0
185.848; 29.25; 520.0
186.027; 0.0; 513.3333
186.206; 29.0; 520.0
186.384; 29.0; 506.6667
186.563; 0.0; 506.6667
186.742; 29.0; 513.3333
186.921; 29.0; 506.6667
187.1; 29.0; 513.3333
187.279; 29.0; 506.6667
187.463; 29.0; 500.0
187.642; 29.0; 506.6667
187.822; 0.0; 500.0
188.001; 0.0; 506.6667
188.181; 0.0; 500.0
188.36; 0.0; 500.0
188.539; 0.0; 500.0
188.717; 0.0; 493.3333
188.897; 0.0; 500.0
189.076; 0.0; 493.3333
189.256; 0.0; 500.0
189.435; 0.0; 493.3333
189.615; 0.0; 493.3333
189.799; 28.75; 500.0
189.979; 28.75; 493.3333
190.159; 28.75; 500.0
190.339; 28.75; 493.3333
190.519; 28.75; 493.3333
190.699; 28.75; 500.0
190.879; 28.5; 486.6666
191.058; 28.75; 493.3333
191.238; 28.5; 486.6666
191.418; 28.5; 500.0
191.602; 28.5; 493.3333
191.782; 28.5; 493.3333
191.962; 28.5; 493.3333
192.142; 28.5; 486.6666
192.322; 28.5; 493.3333
192.501; 28.5; 486.6666
192.681; 28.5; 493.3333
192.861; 28.5; 493.3333
193.041; 28.5; 486.6666
193.221; 28.5; 486.6666
193.401; 28.5; 486.6666
193.581; 28.5; 486.6666
193.761; 28.5; 493.3333
193.941; 28.5; 473.3333
194.121; 28.25; 473.3333
194.301; 28.5; 473.3333
194.481; 28.25; 486.6666
194.661; 28.5; 473.3333
194.841; 28.25; 473.3333
195.021; 28.25; 473.3333
195.201; 28.25; 486.6666
195.388; 28.25; 473.3333
195.567; 28.25; 480.0
195.75; 28.25; 473.3333
195.929; 28.25; 513.3333
196.108; 28.25; 206.6667
196.287; 28.25; 286.6667
196.466; 28.25; 306.6667
196.645; 28.25; 426.6666
196.824; 28.25; 246.6666
197.003; 28.25; 353.3333
197.182; 28.25; 260.0
197.361; 28.25; 413.3333
197.54; 28.25; 440.0
197.718; 28.25; 406.6667
197.897; 0.0; 533.3333
198.076; 28.25; 686.6666
198.255; 28.5; 726.6666
198.434; 28.5; 546.6666
198.613; 28.5; 779.9999
198.792; 28.5; 773.3333
198.971; 28.5; 760.0
199.154; 28.5; 726.6666
199.333; 0.0; 666.6666
199.512; 28.25; 653.3333
199.691; 28.25; 660.0
199.87; 28.25; 640.0
200.048; 28.25; 66.66667
200.227; 0.0; 260.0
200.405; 0.0; 86.66667
200.584; 0.0; 66.66667
200.768; 28.25; 493.3333
200.947; 28.25; 493.3333
201.126; 28.5; 453.3333
201.305; 28.25; 80.0
201.483; 28.25; 40.0
201.661; 0.0; 40.0
201.839; 0.0; 26.66667
202.018; 0.0; 73.33333
202.197; 28.75; 60.0
202.376; 29.0; 33.33333
202.555; 29.0; 93.33333
202.734; 29.0; 80.0
202.912; 29.0; 320.0
203.091; 0.0; 386.6667
203.275; 28.75; 453.3333
203.454; 28.75; 446.6667
203.633; 28.75; 446.6667
203.812; 28.75; 446.6667
203.991; 28.5; 446.6667
204.17; 28.5; 446.6667
204.349; 28.5; 440.0
204.527; 28.5; 446.6667
204.706; 0.0; 440.0
204.884; 0.0; 440.0
205.062; 0.0; 440.0
205.24; 0.0; 446.6667
205.419; 0.0; 440.0
205.597; 0.0; 440.0
205.775; 0.0; 440.0
205.953; 0.0; 433.3333
206.132; 0.0; 433.3333
206.314; 28.25; 440.0
206.493; 28.25; 440.0
206.672; 28.25; 433.3333
206.851; 28.25; 433.3333
207.03; 28.25; 440.0
207.208; 28.25; 433.3333
207.392; 0.0; 433.3333
207.571; 28.25; 433.3333
207.75; 28.25; 440.0
207.928; 28.25; 433.3333
208.107; 0.0; 440.0
208.285; 0.0; 440.0
208.463; 0.0; 433.3333
208.642; 28.25; 433.3333
208.821; 28.25; 440.0
209.0; 28.25; 433.3333
209.179; 28.25; 433.3333
209.358; 28.25; 440.0
209.537; 28.25; 440.0
209.716; 28.25; 433.3333
209.895; 28.25; 433.3333
210.074; 28.25; 440.0
210.255; 28.25; 440.0
210.434; 28.0; 433.3333
210.613; 28.25; 440.0
210.792; 28.0; 433.3333
210.971; 28.0; 433.3333
211.15; 28.0; 433.3333
211.334; 28.25; 440.0
211.513; 28.0; 433.3333
211.692; 28.0; 433.3333
211.874; 28.0; 433.3333
212.053; 28.0; 440.0
212.231; 28.0; 433.3333
212.41; 0.0; 433.3333
212.589; 28.0; 433.3333
212.768; 28.0; 433.3333
212.947; 28.0; 433.3333
213.126; 28.0; 440.0
213.306; 28.0; 440.0
213.485; 0.0; 433.3333
213.664; 28.0; 433.3333
213.843; 28.0; 433.3333
214.024; 28.0; 433.3333
214.203; 28.0; 426.6666
214.382; 28.0; 433.3333
214.561; 28.0; 433.3333
214.74; 28.0; 426.6666
214.919; 28.0; 433.3333
215.098; 28.0; 433.3333
215.282; 28.0; 433.3333
215.461; 28.0; 426.6666
215.64; 28.0; 433.3333
215.819; 28.0; 433.3333
215.998; 28.0; 426.6666
216.177; 28.0; 433.3333
216.356; 28.0; 433.3333
216.535; 28.0; 433.3333
216.714; 28.0; 426.6666
216.893; 28.0; 433.3333
217.072; 28.0; 426.6666
217.251; 28.0; 426.6666
217.43; 28.0; 433.3333
217.614; 28.0; 433.3333
217.793; 28.0; 433.3333
217.972; 27.75; 426.6666
218.151; 28.0; 433.3333
218.33; 27.75; 426.6666
218.509; 28.0; 433.3333
218.688; 27.75; 433.3333
218.867; 27.75; 433.3333
219.051; 27.75; 426.6666
219.231; 27.75; 426.6666
219.411; 27.75; 433.3333
219.591; 27.75; 433.3333
219.771; 27.75; 433.3333
219.951; 27.75; 426.6666
220.131; 27.75; 433.3333
220.311; 27.75; 426.6666
220.491; 27.75; 426.6666
220.671; 27.75; 433.3333
220.851; 27.75; 433.3333
221.031; 27.75; 426.6666
221.211; 27.75; 426.6666
221.391; 27.75; 433.3333
221.571; 27.75; 426.6666
221.751; 27.75; 426.6666
221.931; 27.75; 426.6666
222.111; 27.75; 433.3333
222.291; 27.75; 426.6666
222.471; 27.75; 426.6666
222.651; 27.5; 433.3333
222.836; 27.75; 433.3333
223.016; 27.75; 433.3333
223.199; 27.5; 426.6666
223.379; 27.75; 426.6666
223.558; 27.5; 433.3333
223.738; 27.5; 426.6666
223.918; 27.5; 433.3333
224.098; 27.5; 433.3333
224.278; 27.5; 433.3333
224.458; 27.5; 426.6666
224.637; 27.5; 426.6666
224.817; 27.5; 433.3333
224.997; 27.5; 426.6666
225.176; 27.5; 426.6666
225.356; 27.5; 426.6666
225.536; 27.5; 433.3333
225.716; 27.5; 426.6666
225.896; 27.5; 433.3333
226.076; 27.5; 433.3333
226.256; 27.5; 426.6666
226.436; 27.5; 426.6666
226.62; 27.5; 426.6666
226.799; 27.5; 433.3333
226.978; 27.5; 426.6666
227.157; 27.5; 426.6666
227.336; 27.5; 433.3333
227.515; 27.25; 433.3333
227.694; 27.5; 426.6666
227.873; 27.5; 433.3333
228.052; 27.5; 433.3333
228.231; 27.25; 426.6666
228.41; 27.5; 426.6666
228.589; 27.5; 433.3333
228.768; 27.5; 426.6666
228.952; 27.25; 426.6666
229.131; 27.5; 433.3333
229.31; 27.5; 426.6666
229.489; 27.5; 426.6666
229.668; 27.5; 426.6666
229.847; 27.5; 433.3333
230.026; 27.5; 426.6666
230.205; 27.5; 426.6666
230.389; 27.5; 426.6666
230.574; 27.5; 426.6666
230.753; 27.5; 433.3333
230.932; 27.5; 426.6666
231.111; 27.25; 433.3333
231.29; 27.5; 426.6666
231.469; 27.5; 426.6666
231.648; 27.5; 426.6666
231.827; 27.25; 433.3333
232.006; 27.25; 426.6666
232.185; 27.5; 426.6666
232.364; 27.25; 426.6666
232.543; 27.25; 433.3333
232.722; 27.25; 426.6666
232.901; 27.25; 433.3333
233.08; 27.5; 433.3333
233.259; 27.25; 426.6666
233.438; 27.25; 426.6666
233.617; 27.5; 433.3333
233.796; 27.25; 426.6666
233.975; 27.25; 426.6666
234.162; 27.25; 426.6666
234.341; 27.25; 426.6666
234.52; 27.25; 426.6666
234.699; 27.25; 426.6666
234.878; 27.5; 433.3333
235.057; 27.5; 426.6666
235.236; 27.5; 426.6666
235.415; 27.5; 426.6666
235.594; 27.5; 426.6666
235.773; 27.25; 420.0
235.952; 27.25; 420.0
236.131; 27.25; 426.6666
236.31; 27.25; 426.6666
236.489; 27.25; 420.0
236.668; 27.25; 433.3333
236.847; 27.5; 433.3333
237.026; 27.5; 426.6666
237.205; 27.5; 426.6666
237.384; 27.25; 433.3333
237.563; 27.25; 426.6666
237.742; 27.25; 426.6666
237.926; 27.25; 426.6666
238.105; 27.25; 426.6666
238.284; 27.25; 426.6666
238.463; 27.25; 426.6666
238.642; 27.5; 433.3333
238.821; 27.5; 426.6666
239.0; 27.5; 426.6666
239.179; 27.5; 426.6666
239.358; 27.5; 433.3333
239.537; 27.5; 426.6666
239.716; 27.25; 426.6666
239.9; 27.5; 426.6666
240.079; 27.25; 426.6666
240.258; 27.5; 426.6666
240.437; 27.25; 433.3333
240.616; 27.5; 433.3333
240.795; 27.5; 426.6666
240.974; 27.5; 426.6666
241.153; 27.5; 433.3333
241.332; 27.5; 433.3333
241.511; 27.5; 426.6666
241.69; 27.5; 426.6666
241.874; 27.25; 426.6666
242.053; 27.25; 426.6666
242.232; 27.5; 420.0
242.41; 27.5; 433.3333
242.589; 0.0; 426.6666
242.768; 27.25; 426.6666
242.947; 27.25; 426.6666
243.126; 27.25; 433.3333
243.305; 27.25; 426.6666
243.484; 27.25; 426.6666
243.663; 27.25; 426.6666
243.844; 27.25; 426.6666
244.023; 27.25; 420.0
244.202; 27.25; 433.3333
244.381; 27.25; 433.3333
244.56; 27.25; 426.6666
244.739; 27.25; 426.6666
244.918; 27.25; 433.3333
245.097; 27.25; 426.6666
245.276; 27.25; 426.6666
245.459; 27.25; 426.6666
245.643; 27.25; 426.6666
245.822; 27.25; 426.6666
246.001; 27.25; 426.6666
246.18; 27.25; 433.3333
246.359; 27.25; 433.3333
246.538; 27.25; 426.6666
246.717; 27.25; 426.6666
246.896; 27.25; 433.3333
247.075; 27.25; 426.6666
247.254; 27.25; 426.6666
247.433; 27.25; 426.6666
247.614; 27.25; 426.6666
247.793; 27.25; 426.6666
247.972; 27.25; 426.6666
248.151; 27.25; 433.3333
248.33; 27.0; 426.6666
248.509; 27.25; 426.6666
248.688; 27.0; 433.3333
248.867; 27.0; 433.3333
249.046; 27.0; 426.6666
249.23; 27.0; 426.6666
249.41; 27.0; 426.6666
249.59; 27.0; 426.6666
249.77; 27.0; 426.6666
249.95; 27.0; 426.6666
250.13; 27.0; 433.3333
250.31; 27.0; 426.6666
250.49; 27.0; 426.6666
250.669; 27.0; 426.6666
250.849; 27.0; 426.6666
251.031; 27.0; 420.0
251.21; 0.0; 426.6666
251.389; 27.25; 426.6666
251.569; 27.25; 426.6666
251.749; 27.0; 426.6666
251.929; 27.25; 426.6666
252.108; 27.0; 433.3333
252.288; 27.25; 426.6666
252.468; 27.0; 426.6666
252.648; 27.25; 426.6666
252.828; 27.25; 426.6666
253.007; 27.0; 426.6666
253.208; 27.0; 426.6666
253.394; 27.0; 426.6666
253.579; 27.0; 426.6666
253.765; 27.0; 426.6666
253.951; 27.0; 426.6666
254.137; 27.0; 433.3333
254.323; 27.0; 426.6666
254.509; 27.0; 426.6666
254.695; 27.0; 426.6666
254.881; 27.0; 420.0
255.066; 27.0; 420.0
255.251; 0.0; 426.6666
255.437; 27.0; 433.3333
255.623; 27.0; 433.3333
255.809; 27.0; 433.3333
255.995; 27.0; 433.3333
256.181; 27.0; 426.6666
256.367; 27.0; 426.6666
256.553; 27.0; 420.0
256.738; 27.0; 426.6666
256.927; 0.0; 433.3333
257.113; 27.0; 433.3333
257.303; 27.0; 433.3333
257.488; 27.0; 433.3333
257.673; 27.0; 426.6666
257.858; 27.0; 426.6666
258.043; 27.0; 420.0
258.227; 27.0; 426.6666
258.412; 0.0; 426.6666
258.597; 27.0; 426.6666
258.782; 27.0; 426.6666
258.967; 27.0; 426.6666
259.152; 27.0; 426.6666
259.337; 27.0; 426.6666
259.522; 27.0; 426.6666
259.707; 27.0; 426.6666
259.892; 27.0; 426.6666
260.077; 27.0; 426.6666
260.262; 27.0; 420.0
260.446; 27.0; 426.6666
260.631; 0.0; 426.6666
260.816; 27.0; 433.3333
261.001; 27.0; 433.3333
261.186; 27.0; 433.3333
261.368; 27.0; 420.0
261.552; 27.0; 420.0
261.736; 0.0; 426.6666
261.921; 27.0; 426.6666
262.106; 27.0; 426.6666
262.291; 27.0; 426.6666
262.476; 27.0; 426.6666
262.664; 27.0; 426.6666
262.849; 27.0; 426.6666
263.034; 26.75; 426.6666
263.219; 27.0; 426.6666
263.404; 27.0; 426.6666
263.589; 26.75; 426.6666
263.774; 26.75; 426.6666
263.959; 26.75; 426.6666
264.144; 26.75; 426.6666
264.329; 26.75; 426.6666
264.514; 26.75; 426.6666
264.699; 26.75; 426.6666
264.884; 26.75; 426.6666
265.069; 26.75; 426.6666
265.259; 26.75; 426.6666
265.444; 26.75; 426.6666
265.633; 26.75; 426.6666
265.818; 26.75; 426.6666
266.003; 26.75; 426.6666
266.188; 26.75; 426.6666
266.373; 26.75; 426.6666
266.558; 26.75; 426.6666
266.743; 26.75; 426.6666
266.928; 26.75; 426.6666
267.113; 26.75; 426.6666
267.298; 26.75; 426.6666
267.483; 26.75; 420.0
267.668; 26.75; 420.0
267.853; 26.75; 420.0
268.038; 26.75; 426.6666
268.226; 26.75; 426.6666
268.411; 26.75; 426.6666
268.596; 26.75; 426.6666
268.781; 26.75; 420.0
268.966; 26.75; 420.0
269.156; 26.75; 420.0
269.341; 26.75; 420.0
269.526; 26.75; 426.6666
269.711; 26.75; 426.6666
269.896; 26.75; 420.0
270.081; 26.75; 420.0
270.266; 26.5; 420.0
270.451; 26.5; 426.6666
270.636; 26.75; 426.6666
270.821; 26.5; 426.6666
271.006; 26.5; 426.6666
271.191; 26.5; 420.0
271.375; 26.5; 420.0
271.559; 0.0; 426.6666
271.744; 26.75; 426.6666
271.929; 26.75; 426.6666
272.114; 26.75; 426.6666
272.299; 26.75; 426.6666
272.484; 26.75; 426.6666
272.669; 26.75; 426.6666
272.854; 26.75; 426.6666
273.044; 26.75; 426.6666
273.229; 26.75; 426.6666
273.414; 26.75; 426.6666
273.599; 26.75; 426.6666
273.784; 26.75; 426.6666
273.973; 26.75; 426.6666
274.158; 26.75; 426.6666
274.343; 26.75; 426.6666
274.528; 26.75; 426.6666
274.713; 26.75; 426.6666
274.898; 26.75; 426.6666
275.083; 26.75; 426.6666
275.268; 26.75; 426.6666
275.453; 26.75; 426.6666
275.638; 26.5; 426.6666
275.823; 26.75; 426.6666
276.008; 26.75; 426.6666
276.193; 26.5; 426.6666
276.378; 26.5; 426.6666
276.563; 26.75; 426.6666
276.748; 26.75; 426.6666
276.938; 26.5; 426.6666
277.123; 26.5; 426.6666
277.308; 26.5; 420.0
277.492; 26.5; 420.0
277.677; 0.0; 426.6666
277.862; 26.75; 426.6666
278.047; 26.75; 426.6666
278.232; 26.75; 426.6666
278.417; 26.75; 420.0
278.602; 26.75; 420.0
278.787; 26.75; 420.0
278.972; 26.75; 426.6666
279.157; 26.75; 426.6666
279.342; 26.75; 426.6666
279.527; 26.75; 420.0
279.715; 26.75; 420.0
279.9; 26.75; 420.0
280.084; 26.75; 426.6666
280.269; 0.0; 426.6666
280.454; 26.5; 426.6666
280.639; 26.75; 420.0
280.824; 26.75; 420.0
281.015; 26.75; 420.0
281.2; 26.5; 420.0
281.385; 26.75; 426.6666
281.57; 26.5; 426.6666
281.756; 26.75; 426.6666
281.942; 26.75; 420.0
282.128; 26.5; 420.0
282.313; 26.5; 420.0
282.497; 0.0; 426.6666
282.683; 26.5; 426.6666
282.869; 26.75; 426.6666
283.055; 26.75; 426.6666
283.241; 26.75; 420.0
283.427; 26.5; 420.0
283.612; 26.5; 420.0
283.797; 0.0; 426.6666
283.983; 26.75; 426.6666
284.168; 26.5; 426.6666
284.353; 26.75; 426.6666
284.539; 26.5; 420.0
284.724; 26.5; 420.0
284.909; 0.0; 426.6666
285.095; 26.75; 426.6666
285.286; 26.75; 426.6666
285.472; 26.5; 426.6666
285.661; 26.5; 426.6666
285.846; 26.5; 426.6666
286.031; 26.5; 420.0
286.216; 26.5; 420.0
286.401; 0.0; 420.0
286.585; 0.0; 426.6666
286.771; 0.0; 426.6666
286.957; 26.5; 426.6666
287.143; 26.75; 420.0
287.329; 26.5; 420.0
287.514; 26.5; 420.0
287.699; 0.0; 426.6666
287.885; 26.5; 426.6666
288.071; 26.5; 426.6666
288.257; 26.5; 426.6666
288.443; 26.5; 426.6666
288.628; 26.5; 420.0
288.813; 26.5; 420.0
288.997; 0.0; 426.6666
289.183; 26.5; 426.6666
289.373; 26.5; 426.6666
289.558; 26.5; 426.6666
289.743; 26.5; 426.6666
289.928; 26.5; 420.0
290.112; 26.5; 426.6666
290.297; 0.0; 426.6666
290.482; 26.5; 426.6666
290.667; 26.5; 426.6666
290.852; 26.5; 426.6666
291.037; 26.5; 426.6666
291.222; 26.5; 420.0
291.406; 26.5; 420.0
291.594; 0.0; 426.6666
291.779; 26.5; 426.6666
291.964; 26.5; 426.6666
292.149; 26.5; 426.6666
292.334; 26.5; 420.0
292.518; 26.5; 420.0
292.702; 0.0; 420.0
292.886; 0.0; 426.6666
293.071; 0.0; 426.6666
293.256; 26.5; 420.0
293.446; 26.5; 420.0
293.63; 26.5; 420.0
293.814; 0.0; 420.0
293.998; 26.5; 426.6666
294.183; 26.5; 426.6666
294.368; 26.5; 420.0
294.552; 26.5; 420.0
294.736; 0.0; 420.0
294.92; 26.5; 426.6666
295.105; 0.0; 426.6666
295.29; 26.5; 426.6666
295.475; 26.5; 426.6666
295.66; 26.5; 420.0
295.844; 26.5; 420.0
296.028; 26.5; 426.6666
296.213; 0.0; 426.6666
296.398; 26.5; 426.6666
296.583; 26.5; 426.6666
296.768; 26.5; 426.6666
296.953; 26.5; 420.0
297.137; 26.5; 420.0
297.326; 0.0; 420.0
297.51; 26.5; 426.6666
297.695; 26.5; 426.6666
297.885; 26.5; 426.6666
298.07; 26.5; 426.6666
298.255; 26.5; 420.0
298.439; 26.5; 420.0
298.623; 0.0; 420.0
298.807; 26.5; 426.6666
298.992; 26.5; 426.6666
299.177; 26.5; 420.0
299.361; 26.5; 420.0
299.545; 0.0; 420.0
299.729; 26.5; 426.6666
299.914; 26.5; 426.6666
300.099; 26.5; 426.6666
300.284; 26.5; 426.6666
300.469; 26.5; 426.6666
300.654; 26.5; 420.0
300.838; 26.5; 420.0
301.022; 0.0; 420.0
301.207; 26.5; 426.6666
301.392; 26.5; 426.6666
301.577; 26.5; 426.6666
301.766; 26.5; 420.0
301.956; 26.5; 426.6666
302.141; 26.5; 420.0
302.325; 26.5; 420.0
302.509; 0.0; 426.6666
302.697; 26.5; 426.6666
302.882; 26.5; 426.6666
303.067; 26.5; 420.0
303.251; 26.5; 420.0
303.436; 0.0; 420.0
303.62; 0.0; 426.6666
303.805; 0.0; 426.6666
303.99; 26.5; 426.6666
304.175; 26.5; 426.6666
304.36; 26.5; 426.6666
304.545; 26.5; 426.6666
304.73; 26.5; 420.0
304.914; 26.5; 426.6666
305.099; 26.5; 426.6666
305.284; 26.5; 426.6666
305.469; 26.5; 426.6666
305.654; 26.5; 420.0
305.838; 26.5; 420.0
306.022; 0.0; 420.0
306.211; 0.0; 420.0
306.395; 0.0; 426.6666
306.58; 26.5; 426.6666
306.765; 26.5; 426.6666
306.95; 26.5; 420.0
307.134; 26.5; 420.0
307.318; 0.0; 426.6666
307.503; 26.5; 426.6666
307.688; 26.5; 426.6666
307.873; 26.5; 426.6666
308.058; 26.5; 426.6666
308.243; 26.5; 420.0
308.427; 26.5; 420.0
308.615; 0.0; 420.0
308.799; 26.5; 420.0
308.983; 26.5; 426.6666
309.168; 0.0; 426.6666
309.353; 26.25; 420.0
309.538; 26.5; 420.0
309.722; 26.5; 420.0
309.906; 0.0; 426.6666
310.091; 26.25; 426.6666
310.276; 26.5; 426.6666
310.466; 26.25; 426.6666
310.651; 26.5; 426.6666
310.836; 26.25; 426.6666
311.021; 26.5; 420.0
311.205; 26.5; 420.0
311.389; 0.0; 420.0
311.573; 0.0; 426.6666
311.758; 0.0; 426.6666
311.943; 26.25; 426.6666
312.128; 26.5; 420.0
312.313; 26.25; 420.0
312.498; 26.25; 426.6666
312.683; 26.25; 426.6666
312.868; 26.5; 426.6666
313.053; 26.25; 426.6666
313.238; 26.25; 426.6666
313.423; 26.25; 426.6666
313.608; 26.25; 420.0
313.793; 26.25; 420.0
313.978; 26.25; 420.0
314.163; 26.25; 426.6666
314.351; 26.25; 426.6666
314.541; 26.25; 426.6666
314.726; 26.25; 426.6666
314.911; 26.25; 426.6666
315.097; 26.25; 420.0
315.282; 26.25; 420.0
315.468; 26.25; 420.0
315.653; 26.25; 426.6666
315.839; 26.25; 426.6666
316.024; 26.25; 426.6666
316.21; 26.25; 426.6666
316.396; 26.25; 426.6666
316.582; 26.25; 426.6666
316.768; 26.25; 426.6666
316.954; 26.25; 420.0
317.14; 26.25; 420.0
317.324; 26.25; 420.0
317.51; 0.0; 426.6666
317.696; 26.25; 426.6666
317.882; 26.25; 426.6666
318.068; 26.25; 426.6666
318.254; 26.25; 420.0
318.445; 26.25; 420.0
318.63; 26.25; 420.0
318.814; 0.0; 420.0
318.999; 26.25; 426.6666
319.185; 26.25; 426.6666
319.371; 26.25; 426.6666
319.557; 26.25; 426.6666
319.743; 26.25; 426.6666
319.929; 26.25; 426.6666
320.115; 26.25; 420.0
320.304; 26.25; 426.6666
320.49; 26.25; 420.0
320.675; 26.25; 420.0
320.861; 0.0; 420.0
321.046; 0.0; 426.6666
321.232; 0.0; 426.6666
321.418; 26.25; 426.6666
321.604; 26.25; 426.6666
321.79; 26.25; 420.0
321.975; 26.25; 420.0
322.161; 0.0; 420.0
322.346; 26.25; 426.6666
322.532; 26.25; 426.6666
322.722; 26.25; 426.6666
322.907; 26.25; 426.6666
323.092; 26.25; 420.0
323.277; 26.25; 420.0
323.462; 26.25; 420.0
323.647; 26.25; 420.0
323.832; 26.25; 420.0
324.017; 26.25; 420.0
324.202; 26.25; 426.6666
324.387; 26.25; 426.6666
324.572; 26.25; 426.6666
324.757; 26.25; 420.0
324.942; 26.25; 420.0
325.127; 26.25; 420.0
325.312; 26.25; 426.6666
325.497; 26.25; 426.6666
325.682; 26.25; 420.0
325.867; 26.25; 420.0
326.054; 26.25; 420.0
326.239; 26.25; 420.0
326.424; 26.25; 420.0
326.609; 26.25; 426.6666
326.799; 26.25; 426.6666
326.984; 26.25; 426.6666
327.169; 26.0; 426.6666
327.354; 26.25; 426.6666
327.539; 26.25; 426.6666
327.724; 26.0; 420.0
327.908; 26.0; 420.0
328.092; 0.0; 426.6666
328.277; 26.25; 426.6666
328.462; 26.25; 426.6666
328.647; 26.25; 420.0
328.832; 26.25; 420.0
329.017; 26.25; 420.0
329.202; 26.25; 426.6666
329.387; 26.25; 426.6666
329.572; 26.25; 426.6666
329.757; 26.25; 426.6666
329.942; 26.25; 426.6666
330.127; 26.25; 426.6666
330.312; 26.25; 420.0
330.497; 26.25; 420.0
330.687; 26.25; 420.0
330.872; 26.25; 420.0
331.057; 26.25; 426.6666
331.242; 26.25; 426.6666
331.427; 26.25; 420.0
331.612; 26.25; 420.0
331.8; 26.25; 420.0
331.984; 26.25; 420.0
332.169; 26.25; 426.6666
332.354; 26.25; 426.6666
332.539; 26.0; 426.6666
332.724; 26.0; 420.0
332.908; 26.0; 420.0
333.092; 0.0; 426.6666
333.277; 26.25; 426.6666
333.462; 26.25; 426.6666
333.647; 26.25; 426.6666
333.832; 26.25; 426.6666
334.017; 26.25; 426.6666
334.202; 26.25; 420.0
334.387; 26.25; 420.0
334.572; 26.25; 420.0
334.762; 26.25; 420.0
334.947; 26.25; 426.6666
335.132; 26.25; 426.6666
335.317; 26.25; 426.6666
335.502; 26.25; 420.0
335.687; 26.0; 420.0
335.871; 26.0; 426.6666
336.056; 0.0; 426.6666
336.241; 26.25; 426.6666
336.426; 26.25; 420.0
336.611; 26.25; 420.0
336.796; 26.25; 420.0
336.981; 26.0; 426.6666
337.166; 26.25; 426.6666
337.351; 26.25; 426.6666
337.539; 26.25; 426.6666
337.728; 26.25; 426.6666
337.913; 26.25; 426.6666
338.098; 26.25; 420.0
338.283; 26.0; 426.6666
338.468; 26.25; 426.6666
338.653; 26.0; 426.6666
338.843; 26.0; 426.6666
339.028; 26.0; 426.6666
339.213; 26.0; 426.6666
339.398; 26.0; 426.6666
339.583; 26.0; 420.0
339.768; 26.0; 420.0
339.952; 26.0; 420.0
340.136; 0.0; 426.6666
340.321; 26.0; 426.6666
340.506; 26.25; 420.0
340.691; 26.0; 420.0
340.875; 26.0; 420.0
341.059; 0.0; 426.6666
341.244; 26.0; 426.6666
341.429; 26.0; 426.6666
341.614; 26.0; 420.0
341.799; 26.0; 420.0
341.983; 26.0; 426.6666
342.168; 0.0; 426.6666
342.353; 26.0; 426.6666
342.538; 26.25; 420.0
342.723; 26.25; 420.0
342.908; 26.0; 420.0
343.101; 26.0; 420.0
343.285; 26.0; 420.0
343.469; 0.0; 426.6666
343.654; 26.0; 426.6666
343.839; 26.0; 420.0
344.024; 26.0; 420.0
344.208; 26.0; 420.0
344.392; 0.0; 420.0
344.576; 0.0; 426.6666
344.761; 0.0; 426.6666
344.946; 26.0; 426.6666
345.131; 26.0; 426.6666
345.316; 26.0; 420.0
345.5; 26.0; 420.0
345.684; 0.0; 420.0
345.868; 0.0; 426.6666
346.053; 0.0; 426.6666
346.238; 26.0; 426.6666
346.423; 26.0; 420.0
346.607; 26.0; 420.0
346.791; 0.0; 426.6666
346.976; 26.0; 426.6666
347.161; 26.0; 426.6666
347.351; 26.0; 426.6666
347.537; 26.0; 420.0
347.721; 26.0; 420.0
347.906; 0.0; 420.0
348.091; 26.0; 426.6666
348.277; 26.0; 426.6666
348.463; 26.0; 426.6666
348.649; 26.0; 420.0
348.834; 26.0; 420.0
349.021; 0.0; 420.0
349.206; 26.0; 420.0
349.392; 26.0; 426.6666
349.577; 26.0; 426.6666
349.762; 26.0; 426.6666
349.948; 26.0; 420.0
350.133; 26.0; 420.0
350.319; 0.0; 420.0
350.503; 26.0; 426.6666
350.689; 26.0; 426.6666
350.875; 26.0; 426.6666
351.061; 26.0; 426.6666
351.247; 26.0; 426.6666
351.433; 26.0; 426.6666
351.615; 26.0; 420.0
351.8; 26.0; 420.0
351.985; 26.0; 420.0
352.17; 26.0; 426.6666
352.355; 0.0; 426.6666
352.541; 26.0; 426.6666
352.727; 26.0; 420.0
352.912; 26.0; 420.0
353.097; 0.0; 420.0
353.282; 26.0; 426.6666
353.468; 26.0; 426.6666
353.653; 26.0; 426.6666
353.839; 26.0; 420.0
354.024; 26.0; 420.0
354.209; 0.0; 420.0
354.394; 26.0; 426.6666
354.58; 26.0; 426.6666
354.766; 26.0; 426.6666
354.954; 26.0; 426.6666
355.14; 26.0; 420.0
355.325; 26.0; 420.0
355.509; 26.0; 420.0
355.694; 0.0; 426.6666
355.884; 26.0; 426.6666
356.069; 26.0; 426.6666
356.254; 26.0; 426.6666
356.439; 26.0; 420.0
356.623; 26.0; 420.0
356.807; 0.0; 420.0
356.991; 0.0; 426.6666
357.176; 0.0; 426.6666
357.361; 26.0; 420.0
357.545; 26.0; 420.0
357.729; 0.0; 420.0
357.913; 26.0; 426.6666
358.098; 26.0; 426.6666
358.283; 26.0; 420.0
358.467; 26.0; 420.0
358.651; 0.0; 420.0
358.835; 26.0; 420.0
359.019; 26.0; 420.0
359.203; 0.0; 426.6666
359.388; 26.0; 426.6666
359.573; 26.0; 426.6666
359.758; 26.0; 420.0
359.942; 26.0; 420.0
360.131; 0.0; 420.0
360.315; 26.0; 426.6666
360.5; 26.0; 426.6666
360.687; 26.0; 426.6666
360.872; 26.0; 426.6666
361.057; 26.0; 420.0
361.241; 26.0; 420.0
361.425; 0.0; 426.6666
361.61; 26.0; 426.6666
361.795; 26.0; 426.6666
361.98; 26.0; 420.0
362.164; 26.0; 420.0
362.348; 26.0; 420.0
362.532; 0.0; 426.6666
362.717; 26.0; 426.6666
362.902; 26.0; 420.0
363.086; 26.0; 420.0
363.27; 0.0; 420.0
363.454; 26.0; 420.0
363.639; 26.0; 426.6666
363.824; 26.0; 426.6666
364.009; 26.0; 426.6666
364.194; 26.0; 426.6666
364.384; 26.0; 420.0
364.568; 26.0; 420.0
364.752; 0.0; 420.0
364.936; 26.0; 420.0
365.12; 26.0; 426.6666
365.305; 0.0; 426.6666
365.49; 26.0; 420.0
365.674; 26.0; 420.0
365.858; 26.0; 420.0
366.042; 0.0; 426.6666
366.227; 26.0; 426.6666
366.412; 26.0; 420.0
366.6; 26.0; 420.0
366.784; 0.0; 420.0
366.968; 25.75; 426.6666
367.153; 26.0; 426.6666
367.338; 26.0; 426.6666
367.523; 26.0; 420.0
367.707; 26.0; 420.0
367.891; 0.0; 420.0
368.075; 26.0; 420.0
368.259; 26.0; 426.6666
368.444; 0.0; 426.6666
368.634; 25.75; 426.6666
368.819; 26.0; 420.0
369.003; 26.0; 420.0
369.187; 0.0; 420.0
369.371; 26.0; 420.0
369.555; 26.0; 426.6666
369.74; 0.0; 426.6666
369.925; 25.75; 426.6666
370.11; 26.0; 420.0
370.294; 26.0; 420.0
370.478; 26.0; 420.0
370.662; 0.0; 426.6666
370.847; 26.0; 426.6666
371.032; 26.0; 420.0
371.216; 26.0; 420.0
371.4; 0.0; 420.0
371.584; 25.75; 426.6666
371.769; 26.0; 426.6666
371.954; 25.75; 420.0
372.139; 26.0; 420.0
372.328; 26.0; 420.0
372.512; 0.0; 420.0
372.696; 0.0; 420.0
372.88; 0.0; 426.6666
373.07; 26.0; 426.6666
373.255; 25.75; 426.6666
373.44; 26.0; 426.6666
373.629; 25.75; 426.6666
373.814; 26.0; 420.0
373.999; 25.75; 420.0
374.184; 26.0; 420.0
374.368; 25.75; 420.0
374.553; 25.75; 426.6666
374.738; 26.0; 426.6666
374.923; 25.75; 426.6666
375.108; 25.75; 420.0
375.293; 25.75; 420.0
375.478; 25.75; 420.0
375.663; 25.75; 426.6666
375.848; 25.75; 426.6666
376.033; 25.75; 426.6666
376.218; 25.75; 420.0
376.403; 25.75; 420.0
376.588; 25.75; 420.0
376.773; 25.75; 426.6666
376.958; 25.75; 426.6666
377.148; 25.75; 426.6666
377.333; 25.75; 420.0
377.518; 25.75; 420.0
377.705; 25.75; 420.0
377.89; 0.0; 420.0
378.074; 25.75; 426.6666
378.259; 25.75; 426.6666
378.444; 26.0; 426.6666
378.629; 26.0; 426.6666
378.814; 25.75; 420.0
378.999; 25.75; 420.0
379.184; 25.75; 420.0
379.369; 25.75; 420.0
379.554; 25.75; 426.6666
379.739; 26.0; 426.6666
379.924; 25.75; 426.6666
380.109; 26.0; 420.0
380.293; 26.0; 420.0
380.477; 0.0; 420.0
380.661; 25.75; 426.6666
380.846; 26.0; 426.6666
381.031; 25.75; 420.0
381.221; 26.0; 420.0
381.406; 26.0; 420.0
381.59; 0.0; 420.0
381.775; 25.75; 426.6666
381.96; 25.75; 426.6666
382.146; 25.75; 426.6666
382.332; 26.0; 420.0
382.517; 26.0; 420.0
382.702; 0.0; 420.0
382.887; 25.75; 420.0
383.073; 25.75; 420.0
383.259; 25.75; 420.0
383.445; 25.75; 426.6666
383.634; 25.75; 426.6666
383.82; 25.75; 426.6666
384.006; 25.75; 426.6666
384.192; 25.75; 420.0
384.378; 25.75; 420.0
384.564; 25.75; 420.0
384.75; 25.75; 420.0
384.935; 25.75; 420.0
385.121; 0.0; 426.6666
385.307; 25.75; 426.6666
385.498; 25.75; 426.6666
385.684; 25.75; 426.6666
385.87; 25.75; 426.6666
386.056; 25.75; 420.0
386.242; 25.75; 420.0
386.428; 25.75; 420.0
386.613; 25.75; 426.6666
386.798; 25.75; 426.6666
386.984; 25.75; 426.6666
387.17; 25.75; 426.6666
387.355; 25.75; 420.0
387.541; 25.75; 420.0
387.727; 25.75; 420.0
387.912; 25.75; 426.6666
388.098; 25.75; 426.6666
388.284; 25.75; 426.6666
388.47; 25.75; 420.0
388.656; 25.75; 420.0
388.842; 25.75; 420.0
389.027; 25.75; 420.0
389.213; 25.75; 426.6666
389.399; 25.75; 426.6666
389.592; 25.75; 426.6666
389.777; 25.75; 426.6666
389.962; 25.75; 426.6666
390.147; 25.75; 420.0
390.332; 25.75; 420.0
390.517; 25.75; 420.0
390.702; 25.75; 420.0
390.887; 25.75; 420.0
391.072; 25.75; 426.6666
391.257; 25.75; 426.6666
391.442; 25.75; 426.6666
391.627; 25.75; 420.0
391.812; 25.75; 420.0
391.997; 25.75; 420.0
392.182; 25.75; 426.6666
392.367; 25.75; 426.6666
392.552; 25.75; 426.6666
392.737; 25.75; 420.0
392.922; 25.75; 420.0
393.107; 25.5; 420.0
393.291; 25.5; 426.6666
393.476; 0.0; 426.6666
393.666; 25.75; 426.6666
393.851; 25.75; 426.6666
394.036; 25.75; 420.0
394.221; 25.75; 420.0
394.406; 25.75; 420.0
394.591; 25.75; 420.0
394.776; 25.75; 420.0
394.961; 25.75; 426.6666
395.146; 25.75; 426.6666
395.335; 25.75; 420.0
395.52; 25.75; 420.0
395.704; 25.75; 420.0
395.889; 0.0; 420.0
396.073; 25.75; 420.0
396.258; 25.75; 426.6666
396.443; 25.75; 426.6666
396.628; 25.75; 426.6666
396.813; 25.75; 420.0
396.998; 25.75; 420.0
397.183; 25.75; 420.0
397.368; 25.75; 426.6666
397.553; 25.75; 426.6666
397.743; 25.75; 426.6666
397.928; 25.75; 426.6666
398.113; 25.75; 420.0
398.298; 25.75; 420.0
398.483; 25.75; 420.0
398.668; 25.75; 420.0
398.853; 25.75; 426.6666
399.038; 25.75; 426.6666
399.223; 25.75; 420.0
399.408; 25.75; 420.0
399.593; 25.75; 420.0
399.778; 25.75; 420.0
399.963; 25.75; 420.0
400.148; 25.75; 426.6666
400.333; 25.75; 426.6666
400.518; 25.75; 426.6666
400.703; 25.75; 420.0
400.888; 25.75; 420.0
401.075; 25.75; 420.0
401.26; 25.75; 426.6666
401.445; 25.75; 426.6666
401.63; 25.75; 426.6666
401.82; 25.75; 426.6666
402.005; 25.75; 420.0
402.19; 25.75; 420.0
402.374; 25.75; 420.0
402.559; 0.0; 420.0
402.743; 25.75; 420.0
402.928; 25.75; 420.0
403.113; 25.75; 426.6666
403.298; 25.75; 420.0
403.483; 25.75; 426.6666
403.668; 25.75; 420.0
403.853; 25.75; 420.0
404.038; 25.75; 420.0
404.223; 25.75; 426.6666
404.408; 25.75; 426.6666
404.593; 25.75; 426.6666
404.778; 25.75; 420.0
404.963; 25.75; 420.0
405.148; 25.75; 426.6666
405.333; 25.75; 426.6666
405.518; 25.75; 426.6666
405.703; 25.75; 426.6666
405.893; 25.75; 420.0
406.078; 25.75; 420.0
406.263; 25.75; 420.0
406.448; 25.75; 420.0
406.633; 25.75; 420.0
406.82; 25.75; 420.0
407.004; 0.0; 426.6666
407.189; 25.75; 426.6666
407.374; 25.75; 426.6666
407.559; 25.75; 420.0
407.744; 25.75; 420.0
407.929; 25.75; 420.0
408.114; 25.75; 426.6666
408.299; 25.75; 426.6666
408.484; 25.75; 426.6666
408.669; 25.75; 420.0
408.854; 25.75; 420.0
409.039; 25.75; 420.0
409.224; 25.75; 420.0
409.409; 25.75; 420.0
409.594; 25.75; 420.0
409.785; 25.75; 420.0
409.975; 25.75; 426.6666
410.16; 25.75; 426.6666
410.345; 25.75; 426.6666
410.53; 25.75; 426.6666
410.715; 25.75; 420.0
410.9; 25.75; 420.0
411.084; 25.75; 420.0
411.269; 25.75; 426.6666
411.454; 25.75; 426.6666
411.639; 25.75; 426.6666
411.824; 25.75; 420.0
412.009; 25.5; 420.0
412.193; 25.5; 426.6666
412.382; 0.0; 426.6666
412.567; 25.75; 426.6666
412.752; 25.75; 426.6666
412.937; 25.75; 420.0
413.122; 25.75; 420.0
413.307; 25.75; 420.0
413.492; 25.75; 420.0
413.677; 25.75; 420.0
413.862; 25.75; 420.0
414.047; 25.75; 426.6666
414.237; 25.75; 426.6666
414.422; 25.75; 426.6666
414.607; 25.75; 426.6666
414.793; 25.75; 420.0
414.979; 25.75; 420.0
415.165; 25.75; 420.0
415.35; 25.75; 426.6666
415.536; 25.75; 426.6666
415.722; 25.75; 426.6666
415.907; 25.75; 426.6666
416.092; 25.75; 420.0
416.278; 25.75; 420.0
416.464; 25.75; 420.0
416.65; 25.75; 420.0
416.834; 25.75; 420.0
417.02; 0.0; 420.0
417.205; 25.75; 426.6666
417.391; 25.75; 426.6666
417.577; 25.75; 426.6666
417.763; 25.75; 426.6666
417.949; 25.75; 420.0
418.141; 25.75; 420.0
418.326; 25.75; 420.0
418.512; 0.0; 420.0
418.697; 25.75; 426.6666
418.883; 25.75; 426.6666
419.068; 25.75; 426.6666
419.254; 25.75; 426.6666
419.44; 25.75; 420.0
419.625; 25.75; 420.0
419.811; 0.0; 420.0
419.996; 25.75; 420.0
420.182; 25.75; 420.0
420.367; 25.75; 426.6666
420.553; 25.75; 426.6666
420.739; 25.75; 426.6666
420.925; 25.75; 426.6666
421.111; 25.75; 426.6666
421.297; 25.75; 420.0
421.483; 25.75; 420.0
421.669; 25.75; 420.0
421.854; 25.75; 426.6666
422.04; 25.75; 426.6666
422.226; 25.75; 426.6666
422.408; 25.75; 420.0
422.593; 25.75; 420.0
422.778; 25.75; 420.0
422.963; 25.75; 426.6666
423.148; 25.75; 426.6666
423.333; 25.5; 426.6666
423.518; 25.75; 426.6666
423.703; 25.5; 426.6666
423.888; 25.5; 426.6666
424.076; 25.5; 420.0
424.26; 25.5; 420.0
424.444; 0.0; 420.0
424.628; 25.75; 426.6666
424.813; 25.75; 426.6666
424.998; 25.75; 420.0
425.183; 25.75; 420.0
425.368; 25.75; 420.0
425.553; 25.75; 426.6666
425.738; 25.75; 426.6666
425.923; 25.75; 426.6666
426.108; 25.75; 426.6666
426.298; 25.75; 420.0
426.483; 25.75; 420.0
426.668; 25.75; 420.0
426.853; 25.75; 420.0
427.038; 25.75; 420.0
427.223; 25.75; 420.0
427.408; 25.75; 426.6666
427.593; 25.75; 426.6666
427.778; 25.75; 426.6666
427.963; 25.5; 420.0
428.147; 25.5; 420.0
428.331; 0.0; 426.6666
428.516; 25.75; 426.6666
428.701; 25.75; 426.6666
428.886; 25.75; 420.0
429.071; 25.75; 420.0
429.256; 25.75; 420.0
429.441; 25.75; 420.0
429.626; 25.75; 420.0
429.811; 25.75; 420.0
429.998; 25.75; 426.6666
430.183; 25.75; 426.6666
430.368; 25.75; 426.6666
430.558; 25.75; 426.6666
430.743; 25.75; 420.0
430.928; 25.75; 420.0
431.113; 25.5; 420.0
431.297; 25.5; 426.6666
431.482; 0.0; 426.6666
431.667; 25.75; 426.6666
431.852; 25.75; 420.0
432.037; 25.75; 420.0
432.222; 25.75; 420.0
432.407; 25.75; 426.6666
432.592; 25.75; 426.6666
432.777; 25.75; 426.6666
432.962; 25.75; 426.6666
433.147; 25.75; 426.6666
433.332; 25.75; 426.6666
433.517; 25.75; 420.0
433.702; 25.75; 420.0
433.887; 25.75; 426.6666
434.072; 25.75; 426.6666
434.257; 25.5; 426.6666
434.447; 25.75; 426.6666
434.632; 25.5; 420.0
434.816; 25.5; 420.0
435.0; 0.0; 420.0
435.184; 25.75; 426.6666
435.369; 25.75; 426.6666
435.557; 25.75; 426.6666
435.742; 25.75; 420.0
435.927; 25.75; 420.0
436.112; 25.75; 420.0
436.297; 25.75; 420.0
436.482; 25.75; 420.0
436.667; 25.75; 420.0
436.852; 25.75; 426.6666
437.037; 25.75; 426.6666
437.222; 25.75; 426.6666
437.407; 25.75; 420.0
437.592; 25.75; 420.0
437.777; 25.5; 420.0
437.961; 25.5; 426.6666
438.146; 0.0; 426.6666
438.331; 25.75; 420.0
438.516; 25.75; 420.0
438.706; 25.75; 420.0
438.891; 25.75; 420.0
439.076; 25.75; 426.6666
439.261; 25.75; 426.6666
439.446; 25.75; 426.6666
439.631; 25.75; 420.0
439.816; 25.75; 420.0
440.001; 25.75; 420.0
440.186; 25.75; 420.0
440.371; 25.75; 420.0
440.556; 25.5; 420.0
440.74; 25.5; 426.6666
440.925; 0.0; 426.6666
441.11; 25.75; 426.6666
441.295; 25.75; 420.0
441.482; 25.75; 420.0
441.667; 25.75; 420.0
441.852; 25.75; 426.6666
442.037; 25.75; 426.6666
442.222; 25.75; 426.6666
442.407; 25.75; 420.0
442.592; 25.75; 420.0
442.782; 25.75; 420.0
442.967; 25.75; 420.0
443.152; 25.5; 426.6666
443.337; 25.75; 426.6666
443.522; 25.75; 426.6666
443.707; 25.5; 420.0
443.891; 25.5; 420.0
444.075; 0.0; 420.0
444.259; 25.75; 420.0
444.444; 25.75; 420.0
444.629; 25.75; 426.6666
444.814; 25.75; 426.6666
444.999; 25.75; 426.6666
445.184; 25.75; 420.0
445.369; 25.5; 420.0
445.554; 25.75; 420.0
445.748; 25.75; 420.0
445.933; 0.0; 420.0
446.117; 0.0; 426.6666
446.302; 0.0; 426.6666
446.487; 25.5; 420.0
446.673; 25.5; 420.0
446.857; 0.0; 420.0
447.046; 25.5; 420.0
447.231; 25.5; 426.6666
447.417; 0.0; 426.6666
447.602; 25.5; 426.6666
447.787; 25.5; 420.0
447.972; 25.5; 420.0
448.157; 0.0; 420.0
448.342; 25.5; 420.0
448.526; 25.5; 420.0
448.711; 0.0; 420.0
448.896; 25.5; 426.6666
449.081; 25.5; 426.6666
449.267; 25.5; 426.6666
449.453; 25.5; 420.0
449.638; 25.5; 420.0
449.822; 0.0; 420.0
450.007; 25.5; 426.6666
450.192; 25.5; 426.6666
450.378; 25.5; 426.6666
450.563; 25.75; 420.0
450.749; 25.5; 420.0
450.935; 25.75; 420.0
451.121; 25.5; 426.6666
451.311; 25.75; 426.6666
451.497; 25.75; 426.6666
451.683; 25.5; 426.6666
451.869; 25.75; 426.6666
452.055; 25.5; 420.0
452.239; 25.5; 420.0
452.427; 0.0; 420.0
452.612; 25.75; 420.0
452.797; 25.75; 420.0
452.982; 25.5; 426.6666
453.168; 25.75; 426.6666
453.354; 25.75; 426.6666
453.54; 25.75; 426.6666
453.726; 25.5; 426.6666
453.912; 25.75; 420.0
454.098; 25.75; 420.0
454.283; 25.75; 420.0
454.468; 25.5; 426.6666
454.654; 25.75; 426.6666
454.84; 25.5; 426.6666
455.025; 25.5; 426.6666
455.21; 25.5; 420.0
455.399; 25.5; 420.0
455.583; 25.5; 420.0
455.767; 0.0; 426.6666
455.952; 25.75; 426.6666
456.137; 25.5; 426.6666
456.322; 25.75; 420.0
456.507; 25.5; 420.0
456.691; 25.5; 420.0
456.875; 0.0; 420.0
457.059; 25.5; 420.0
457.243; 25.5; 426.6666
457.428; 0.0; 426.6666
457.613; 25.5; 426.6666
457.798; 25.5; 420.0
457.983; 25.5; 420.0
458.167; 25.5; 426.6666
458.355; 0.0; 426.6666
458.54; 25.5; 426.6666
458.725; 25.5; 426.6666
458.91; 25.75; 420.0
459.094; 25.75; 420.0
459.279; 0.0; 426.6666
459.464; 25.75; 426.6666
459.654; 25.5; 426.6666
459.839; 25.5; 426.6666
460.024; 25.5; 420.0
460.208; 25.5; 420.0
460.392; 0.0; 420.0
460.576; 25.5; 420.0
460.76; 25.5; 420.0
460.944; 0.0; 426.6666
461.129; 25.5; 426.6666
461.314; 25.5; 426.6666
461.499; 25.5; 420.0
461.684; 25.5; 420.0
461.869; 25.75; 420.0
462.054; 25.5; 426.6666
462.239; 25.5; 426.6666
462.424; 25.5; 426.6666
462.609; 25.5; 420.0
462.793; 25.5; 420.0
462.977; 0.0; 420.0
463.161; 25.5; 420.0
463.345; 25.5; 420.0
463.529; 0.0; 426.6666
463.714; 25.5; 426.6666
463.904; 25.5; 426.6666
464.092; 25.5; 426.6666
464.277; 25.5; 420.0
464.461; 25.5; 420.0
464.645; 0.0; 420.0
464.829; 25.5; 426.6666
465.014; 25.5; 426.6666
465.199; 25.5; 420.0
465.383; 25.5; 420.0
465.567; 0.0; 420.0
465.751; 25.5; 426.6666
465.936; 25.5; 426.6666
466.121; 25.5; 420.0
466.305; 25.5; 420.0
466.49; 0.0; 420.0
466.674; 25.5; 420.0
466.858; 25.5; 420.0
467.042; 0.0; 426.6666
467.227; 25.5; 426.6666
467.412; 25.5; 426.6666
467.597; 25.5; 420.0
467.781; 25.5; 420.0
467.965; 0.0; 420.0
468.149; 25.5; 426.6666
468.331; 25.5; 426.6666
468.516; 25.5; 420.0
468.701; 25.5; 420.0
468.885; 25.5; 420.0
469.069; 0.0; 420.0
469.253; 25.5; 426.6666
469.438; 25.5; 420.0
469.623; 25.5; 420.0
469.807; 25.5; 420.0
469.995; 0.0; 420.0
470.179; 25.5; 420.0
470.363; 25.5; 420.0
470.547; 0.0; 426.6666
470.732; 25.5; 426.6666
470.917; 25.5; 420.0
471.101; 25.5; 420.0
471.285; 0.0; 420.0
471.469; 25.5; 426.6666
471.654; 25.5; 426.6666
471.839; 25.5; 420.0
472.023; 25.5; 420.0
472.207; 0.0; 420.0
472.391; 25.5; 420.0
472.58; 25.5; 426.6666
472.765; 0.0; 426.6666
472.95; 25.5; 420.0
473.134; 25.5; 420.0
473.318; 25.5; 420.0
473.502; 0.0; 420.0
473.686; 25.5; 420.0
473.87; 25.5; 420.0
474.054; 0.0; 420.0
474.238; 25.5; 420.0
474.422; 25.5; 420.0
474.606; 0.0; 420.0
474.79; 25.5; 426.6666
474.975; 25.5; 426.6666
475.16; 25.5; 426.6666
475.345; 25.5; 420.0
475.529; 25.5; 420.0
475.718; 0.0; 413.3333
475.903; 25.5; 426.6666
476.088; 25.5; 426.6666
476.273; 25.5; 426.6666
476.458; 25.5; 420.0
476.642; 25.5; 420.0
476.826; 0.0; 420.0
477.015; 25.5; 420.0
477.199; 25.5; 426.6666
477.384; 0.0; 426.6666
477.569; 25.5; 420.0
477.753; 25.5; 420.0
477.937; 0.0; 420.0
478.121; 25.5; 420.0
478.305; 25.5; 420.0
478.489; 0.0; 420.0
478.673; 25.5; 420.0
478.857; 25.5; 420.0
479.041; 0.0; 420.0
479.225; 25.5; 420.0
479.409; 25.5; 426.6666
479.594; 0.0; 426.6666
479.779; 25.5; 426.6666
479.964; 25.5; 420.0
480.148; 25.5; 420.0
480.332; 0.0; 426.6666
480.517; 25.5; 426.6666
480.702; 25.5; 426.6666
480.887; 25.5; 420.0
481.071; 25.5; 420.0
481.261; 0.0; 420.0
481.448; 0.0; 420.0
481.633; 0.0; 420.0
481.822; 25.5; 426.6666
482.007; 25.5; 426.6666
482.192; 25.5; 426.6666
482.377; 25.5; 420.0
482.562; 25.5; 420.0
482.747; 0.0; 420.0
482.932; 25.5; 420.0
483.117; 25.5; 420.0
483.302; 0.0; 420.0
483.487; 25.5; 420.0
483.672; 25.5; 420.0
483.858; 0.0; 420.0
484.043; 25.5; 420.0
484.228; 25.5; 420.0
484.413; 0.0; 420.0
484.598; 25.5; 426.6666
484.784; 25.5; 426.6666
484.97; 25.5; 426.6666
485.155; 25.5; 420.0
485.341; 25.5; 420.0
485.526; 25.5; 420.0
485.717; 0.0; 420.0
485.902; 25.5; 420.0
486.088; 25.5; 426.6666
486.274; 25.5; 426.6666
486.46; 25.5; 426.6666
486.646; 25.5; 420.0
486.83; 25.5; 420.0
487.015; 0.0; 420.0
487.201; 25.5; 426.6666
487.386; 25.5; 426.6666
487.572; 25.5; 426.6666
487.758; 25.5; 426.6666
487.944; 25.5; 420.0
488.129; 25.5; 420.0
488.314; 0.0; 420.0
488.499; 25.5; 420.0
488.684; 25.5; 426.6666
488.87; 0.0; 426.6666
489.056; 25.5; 420.0
489.241; 25.5; 420.0
489.426; 0.0; 420.0
489.61; 25.5; 420.0
489.795; 25.5; 420.0
489.98; 25.5; 420.0
490.169; 0.0; 426.6666
490.354; 25.5; 420.0
490.538; 25.5; 420.0
490.722; 0.0; 420.0
490.906; 25.5; 420.0
491.091; 25.5; 420.0
491.275; 25.5; 426.6666
491.46; 0.0; 426.6666
491.645; 25.5; 420.0
491.829; 25.5; 420.0
492.013; 0.0; 420.0
492.197; 25.5; 420.0
492.381; 25.5; 426.6666
492.566; 0.0; 420.0
492.75; 25.5; 420.0
492.938; 25.5; 420.0
493.122; 25.5; 420.0
493.306; 0.0; 420.0
493.49; 25.5; 420.0
493.674; 25.5; 426.6666
493.859; 25.5; 426.6666
494.044; 25.5; 420.0
494.228; 25.5; 420.0
494.412; 0.0; 420.0
494.601; 0.0; 420.0
494.785; 0.0; 426.6666
494.97; 25.5; 426.6666
495.155; 25.5; 420.0
495.339; 25.5; 420.0
495.523; 0.0; 420.0
495.707; 25.5; 420.0
495.891; 25.5; 420.0
496.075; 0.0; 426.6666
496.26; 25.5; 426.6666
496.445; 25.5; 426.6666
496.63; 25.5; 420.0
496.814; 25.5; 420.0
496.998; 25.5; 420.0
497.182; 0.0; 426.6666
497.367; 25.5; 426.6666
497.552; 25.5; 420.0
497.736; 25.5; 420.0
497.92; 0.0; 420.0
498.104; 25.5; 420.0
498.288; 25.5; 420.0
498.472; 0.0; 426.6666
498.657; 25.5; 426.6666
498.852; 25.5; 426.6666
499.037; 25.5; 426.6666
499.222; 25.5; 426.6666
499.407; 25.5; 420.0
499.591; 25.5; 420.0
499.775; 0.0; 426.6666
499.96; 25.5; 426.6666
500.145; 25.5; 426.6666
500.33; 25.5; 420.0
500.514; 25.5; 420.0
500.698; 25.5; 420.0
500.882; 0.0; 420.0
501.066; 25.5; 420.0
501.25; 25.5; 426.6666
501.435; 0.0; 426.6666
501.62; 25.5; 426.6666
501.805; 25.5; 420.0
501.989; 25.5; 420.0
502.173; 0.0; 426.6666
502.358; 25.5; 426.6666
502.543; 25.5; 426.6666
502.728; 25.5; 420.0
502.912; 25.5; 420.0
503.102; 0.0; 420.0
503.286; 25.5; 420.0
503.471; 25.5; 420.0
503.655; 25.5; 420.0
503.839; 0.0; 426.6666
504.024; 25.5; 426.6666
504.209; 25.5; 426.6666
504.394; 25.5; 420.0
504.582; 25.5; 420.0
504.766; 0.0; 420.0
504.95; 25.5; 426.6666
505.135; 25.5; 426.6666
505.32; 25.5; 426.6666
505.505; 25.5; 420.0
505.69; 25.5; 420.0
505.874; 25.5; 420.0
506.058; 25.5; 420.0
506.242; 0.0; 420.0
506.426; 25.5; 426.6666
506.611; 25.5; 426.6666
506.796; 25.5; 426.6666
506.981; 25.5; 420.0
507.165; 25.5; 420.0
507.349; 0.0; 420.0
507.538; 0.0; 426.6666
507.723; 0.0; 426.6666
507.908; 25.5; 426.6666
508.093; 25.5; 420.0
508.277; 25.5; 420.0
508.461; 0.0; 420.0
508.645; 25.5; 420.0
508.829; 25.5; 420.0
509.014; 0.0; 426.6666
509.199; 25.5; 426.6666
509.384; 25.5; 426.6666
509.569; 25.5; 420.0
509.753; 25.5; 420.0
509.937; 0.0; 420.0
510.121; 25.5; 420.0
510.309; 25.5; 420.0
510.493; 25.5; 420.0
510.677; 0.0; 420.0
510.861; 25.5; 420.0
511.045; 25.5; 420.0
511.229; 0.0; 420.0
511.413; 25.5; 426.6666
511.598; 25.5; 426.6666
511.788; 25.5; 426.6666
511.973; 25.5; 426.6666
512.158; 25.5; 420.0
512.342; 25.5; 420.0
512.526; 0.0; 420.0
512.71; 25.5; 420.0
512.894; 25.5; 420.0
513.079; 25.5; 426.6666
513.264; 25.5; 426.6666
513.449; 25.5; 426.6666
513.634; 25.5; 420.0
513.818; 25.5; 420.0
514.002; 0.0; 420.0
514.186; 25.5; 426.6666
514.371; 25.5; 426.6666
514.556; 25.5; 420.0
514.74; 25.5; 420.0
514.924; 0.0; 420.0
515.108; 25.5; 420.0
515.292; 25.5; 420.0
515.476; 0.0; 426.6666
515.661; 25.5; 426.6666
515.846; 25.5; 426.6666
516.031; 25.5; 420.0
516.224; 25.5; 426.6666
516.409; 0.0; 420.0
516.594; 25.5; 420.0
516.779; 25.5; 420.0
516.964; 0.0; 426.6666
517.15; 25.5; 426.6666
517.335; 25.5; 426.6666
517.52; 25.5; 420.0
517.709; 25.5; 420.0
517.894; 25.5; 420.0
518.0789; 25.5; 420.0
518.264; 25.5; 420.0
518.449; 25.5; 420.0
518.6339; 0.0; 426.6666
518.819; 25.5; 426.6666
519.005; 25.5; 426.6666
519.191; 25.5; 426.6666
519.377; 25.5; 420.0
519.562; 25.5; 420.0
519.748; 0.0; 420.0
519.933; 25.5; 426.6666
520.119; 25.5; 426.6666
520.305; 25.5; 426.6666
520.512; 25.5; 420.0
520.697; 25.5; 420.0
520.882; 0.0; 426.6666
521.068; 25.5; 426.6666
521.254; 25.5; 426.6666
521.44; 25.5; 420.0
521.629; 25.5; 420.0
521.813; 25.5; 420.0
521.997; 0.0; 420.0
522.182; 25.5; 420.0
522.368; 25.5; 420.0
522.553; 25.5; 420.0
522.737; 0.0; 426.6666
522.9229; 25.5; 426.6666
523.109; 25.5; 426.6666
523.295; 25.5; 420.0
523.48; 25.5; 420.0
523.665; 0.0; 420.0
523.85; 25.5; 426.6666
524.036; 25.5; 426.6666
524.222; 25.5; 426.6666
524.408; 25.5; 426.6666
524.594; 25.5; 420.0
524.784; 25.5; 420.0
524.968; 25.5; 420.0
525.152; 0.0; 420.0
525.336; 25.5; 420.0
525.52; 25.5; 426.6666
525.705; 0.0; 426.6666
525.89; 25.5; 426.6666
526.075; 25.5; 426.6666
526.26; 25.5; 420.0
526.444; 25.5; 420.0
526.628; 25.5; 426.6666
526.813; 0.0; 426.6666
526.998; 25.5; 426.6666
527.183; 25.5; 420.0
527.367; 25.5; 420.0
527.554; 0.0; 420.0
527.738; 25.5; 426.6666
527.923; 25.5; 426.6666
528.108; 25.5; 426.6666
528.293; 25.5; 426.6666
528.478; 25.5; 426.6666
528.663; 25.5; 426.6666
528.848; 25.5; 420.0
529.037; 25.5; 420.0
529.221; 0.0; 420.0
529.405; 25.5; 426.6666
529.59; 25.5; 426.6666
529.775; 25.5; 426.6666
529.96; 25.5; 420.0
530.144; 25.5; 420.0
530.328; 25.5; 426.6666
530.513; 0.0; 426.6666
530.698; 25.5; 426.6666
530.883; 25.5; 420.0
531.067; 25.5; 420.0
531.251; 0.0; 420.0
531.435; 25.5; 420.0
531.619; 25.5; 420.0
531.803; 0.0; 426.6666
531.988; 25.5; 426.6666
532.173; 25.5; 426.6666
532.358; 25.5; 420.0
532.542; 25.5; 420.0
532.726; 0.0; 426.6666
532.911; 25.5; 426.6666
533.096; 25.5; 426.6666
533.289; 25.5; 426.6666
533.474; 25.5; 426.6666
533.659; 25.5; 420.0
533.843; 25.5; 420.0
534.027; 0.0; 426.6666
534.212; 25.5; 426.6666
534.397; 25.5; 426.6666
534.5819; 25.5; 426.6666
534.767; 25.5; 426.6666
534.952; 25.5; 426.6666
535.137; 25.5; 420.0
535.3209; 25.5; 420.0
535.506; 0.0; 420.0
535.69; 25.5; 426.6666
535.875; 25.5; 426.6666
536.06; 25.5; 420.0
536.244; 25.5; 420.0
536.428; 25.5; 420.0
536.612; 0.0; 426.6666
536.797; 25.5; 426.6666
536.982; 25.5; 426.6666
537.167; 25.5; 420.0
537.356; 25.5; 420.0
537.54; 0.0; 420.0
537.724; 25.5; 420.0
537.908; 25.5; 420.0
538.0919; 0.0; 426.6666
538.277; 25.5; 426.6666
538.462; 25.5; 426.6666
538.647; 25.5; 420.0
538.831; 25.5; 420.0
539.015; 0.0; 420.0
539.203; 25.5; 426.6666
539.388; 25.5; 426.6666
539.573; 25.5; 426.6666
539.758; 25.5; 420.0
539.942; 25.5; 420.0
540.1259; 0.0; 420.0
540.31; 0.0; 426.6666
540.495; 0.0; 426.6666
540.68; 25.5; 426.6666
540.865; 25.5; 420.0
541.049; 25.5; 420.0
541.233; 0.0; 420.0
541.417; 25.5; 420.0
541.601; 25.5; 426.6666
541.791; 0.0; 426.6666
541.976; 25.5; 426.6666
542.161; 25.5; 426.6666
542.346; 25.5; 420.0
542.53; 25.5; 420.0
542.714; 0.0; 420.0
542.898; 25.5; 426.6666
543.083; 25.5; 426.6666
543.268; 25.5; 420.0
543.452; 25.5; 420.0
543.636; 0.0; 420.0
543.82; 25.5; 420.0
544.004; 25.5; 426.6666
544.189; 25.5; 426.6666
544.374; 25.5; 426.6666
544.559; 25.5; 420.0
544.743; 25.5; 420.0
544.931; 0.0; 420.0
545.115; 25.5; 420.0
545.299; 25.5; 426.6666
545.484; 0.0; 426.6666
545.669; 25.5; 426.6666
545.854; 25.5; 420.0
546.043; 25.5; 420.0
546.227; 0.0; 420.0
546.411; 25.5; 426.6666
546.596; 25.5; 426.6666
546.781; 25.5; 426.6666
546.966; 25.5; 420.0
547.15; 25.5; 420.0
547.334; 0.0; 420.0
547.518; 25.5; 426.6666
547.703; 25.5; 420.0
547.887; 25.5; 420.0
548.071; 0.0; 420.0
548.255; 25.5; 420.0
548.439; 25.5; 420.0
548.623; 0.0; 420.0
548.807; 25.5; 426.6666
548.992; 25.5; 426.6666
549.177; 25.5; 426.6666
549.362; 25.5; 420.0
549.546; 25.5; 420.0
549.73; 0.0; 426.6666
549.915; 25.5; 426.6666
550.0999; 25.5; 426.6666
550.29; 25.5; 426.6666
550.476; 25.5; 420.0
550.661; 25.5; 420.0
550.848; 0.0; 420.0
551.033; 25.5; 420.0
551.218; 25.5; 426.6666
551.404; 0.0; 426.6666
551.59; 25.5; 426.6666
551.776; 25.5; 420.0
551.961; 25.5; 420.0
552.146; 0.0; 420.0
552.331; 25.5; 420.0
552.516; 25.5; 420.0
552.701; 0.0; 420.0
552.886; 25.5; 426.6666
553.071; 25.5; 420.0
553.256; 25.5; 420.0
553.441; 25.5; 420.0
553.63; 25.5; 420.0
553.815; 25.5; 420.0
554.0; 25.5; 426.6666
554.186; 25.5; 426.6666
554.372; 25.5; 426.6666
554.557; 25.5; 426.6666
554.748; 25.5; 426.6666
554.934; 25.5; 420.0
555.119; 25.5; 420.0
555.304; 0.0; 420.0
555.488; 0.0; 426.6666
555.673; 0.0; 426.6666
555.8579; 25.5; 426.6666
556.044; 25.5; 420.0
556.229; 25.5; 420.0
556.416; 25.5; 420.0
556.601; 0.0; 426.6666
556.787; 25.5; 426.6666
556.972; 25.5; 426.6666
557.158; 25.5; 426.6666
557.344; 25.5; 420.0
557.529; 25.5; 420.0
557.714; 0.0; 420.0
557.899; 25.5; 420.0
558.084; 25.5; 420.0
558.268; 0.0; 426.6666
558.453; 25.5; 426.6666
558.639; 25.5; 426.6666
558.825; 25.5; 420.0
559.015; 25.5; 420.0
559.199; 25.5; 420.0
559.383; 0.0; 420.0
559.567; 25.5; 426.6666
559.752; 25.5; 426.6666
559.937; 25.5; 426.6666
560.122; 25.5; 420.0
560.306; 25.5; 420.0
560.49; 0.0; 426.6666
560.675; 25.5; 426.6666
560.86; 25.5; 426.6666
561.045; 25.5; 420.0
561.229; 25.5; 420.0
561.413; 0.0; 420.0
561.597; 25.5; 420.0
561.781; 25.5; 420.0
561.965; 0.0; 426.6666
562.15; 25.5; 426.6666
562.339; 25.5; 426.6666
562.524; 25.5; 420.0
562.708; 25.5; 420.0
562.892; 0.0; 420.0
563.076; 25.5; 426.6666
563.266; 25.5; 426.6666
563.451; 25.5; 426.6666
563.636; 25.5; 426.6666
563.821; 25.5; 420.0
564.005; 25.5; 420.0
564.189; 0.0; 420.0
564.373; 25.5; 426.6666
564.558; 25.5; 426.6666
564.7429; 25.5; 420.0
564.928; 25.5; 420.0
565.112; 25.5; 420.0
565.296; 0.0; 420.0
565.4799; 25.5; 420.0
565.665; 25.5; 426.6666
565.85; 25.5; 426.6666
566.0349; 25.5; 426.6666
566.2199; 25.5; 420.0
566.405; 25.5; 420.0
566.59; 25.5; 420.0
566.774; 25.5; 426.6666
566.959; 25.5; 426.6666
567.144; 25.5; 426.6666
567.329; 25.5; 420.0
567.518; 25.5; 420.0
567.702; 0.0; 420.0
567.886; 25.5; 420.0
568.072; 25.5; 420.0
568.2559; 0.0; 420.0
568.44; 0.0; 426.6666
568.625; 0.0; 426.6666
568.81; 25.5; 420.0
568.994; 25.5; 420.0
569.178; 25.5; 420.0
569.362; 0.0; 426.6666
569.547; 25.5; 426.6666
569.732; 25.5; 426.6666
569.917; 25.5; 420.0
570.101; 25.5; 420.0
570.2849; 0.0; 420.0
570.469; 0.0; 420.0
570.653; 0.0; 420.0
570.837; 25.5; 420.0
571.021; 25.5; 426.6666
571.206; 0.0; 420.0
571.39; 25.5; 420.0
571.574; 25.5; 420.0
571.758; 25.5; 426.6666
571.948; 0.0; 426.6666
572.133; 25.5; 426.6666
572.318; 25.5; 420.0
572.502; 25.5; 420.0
572.686; 0.0; 420.0
572.87; 25.5; 420.0
573.054; 25.5; 420.0
573.2379; 25.5; 426.6666
573.423; 0.0; 420.0
573.607; 25.5; 420.0
573.794; 25.5; 420.0
573.978; 0.0; 420.0
574.162; 25.5; 420.0
574.346; 25.5; 426.6666
574.531; 0.0; 426.6666
574.716; 25.5; 420.0
574.9; 25.5; 420.0
575.084; 0.0; 420.0
575.268; 25.5; 420.0
575.452; 25.5; 420.0
575.636; 0.0; 426.6666
575.821; 25.25; 426.6666
576.006; 25.5; 420.0
576.19; 25.5; 420.0
576.371; 0.0; 420.0
576.555; 25.5; 426.6666
576.74; 25.5; 426.6666
576.925; 25.5; 426.6666
577.11; 25.5; 420.0
577.294; 25.5; 420.0
577.478; 25.5; 420.0
577.662; 0.0; 420.0
577.846; 25.5; 420.0
578.031; 25.5; 426.6666
578.216; 25.5; 426.6666
578.401; 25.5; 420.0
578.585; 25.5; 420.0
578.769; 0.0; 420.0
578.953; 25.5; 426.6666
579.138; 25.5; 426.6666
579.323; 25.5; 426.6666
579.508; 25.5; 420.0
579.696; 25.5; 420.0
579.88; 0.0; 420.0
580.064; 25.5; 420.0
580.248; 25.5; 426.6666
580.433; 0.0; 426.6666
580.623; 25.5; 426.6666
580.808; 25.5; 426.6666
580.993; 25.5; 426.6666
581.1779; 25.5; 420.0
581.363; 25.5; 420.0
581.547; 25.5; 420.0
581.731; 0.0; 426.6666
581.916; 25.5; 426.6666
582.101; 25.5; 426.6666
582.286; 25.5; 420.0
582.4699; 25.5; 420.0
582.655; 0.0; 420.0
582.839; 25.5; 420.0
583.023; 25.5; 426.6666
583.208; 0.0; 420.0
583.392; 25.5; 420.0
583.576; 25.5; 420.0
583.76; 0.0; 420.0
583.9439; 25.5; 420.0
584.129; 25.5; 426.6666
584.314; 25.5; 426.6666
584.499; 25.5; 426.6666
584.684; 25.5; 420.0
584.873; 25.5; 420.0
585.058; 0.0; 420.0
585.243; 25.5; 426.6666
585.432; 25.5; 426.6666
585.618; 25.5; 426.6666
585.804; 25.5; 426.6666
585.99; 25.5; 426.6666
586.176; 25.5; 420.0
586.361; 25.5; 420.0
586.545; 0.0; 420.0
586.73; 25.5; 420.0
586.915; 25.5; 420.0
587.1; 25.5; 420.0
587.2849; 0.0; 426.6666
587.471; 25.5; 426.6666
587.657; 25.5; 426.6666
587.843; 25.5; 420.0
588.028; 25.5; 420.0
588.213; 0.0; 420.0
588.398; 25.5; 426.6666
588.584; 25.5; 426.6666
588.77; 25.5; 426.6666
588.956; 25.5; 420.0
589.146; 25.5; 426.6666
589.332; 25.5; 420.0
589.517; 25.5; 420.0
589.706; 25.5; 420.0
589.891; 25.5; 426.6666
590.076; 25.5; 426.6666
590.261; 25.5; 426.6666
590.447; 25.5; 426.6666
590.633; 25.5; 420.0
590.818; 25.5; 420.0
591.003; 0.0; 420.0
591.191; 25.5; 420.0
591.376; 25.5; 420.0
591.561; 0.0; 426.6666
591.747; 25.5; 426.6666
591.933; 25.5; 420.0
592.119; 25.5; 420.0
592.304; 25.5; 420.0
592.49; 0.0; 420.0
592.675; 25.5; 420.0
592.86; 25.5; 420.0
593.044; 0.0; 426.6666
593.23; 25.5; 426.6666
593.416; 25.5; 426.6666
593.606; 25.5; 426.6666
593.791; 25.5; 420.0
593.975; 25.5; 420.0
594.159; 0.0; 426.6666
594.344; 25.5; 426.6666
594.529; 25.5; 426.6666
594.714; 25.5; 420.0
594.899; 25.5; 420.0
595.083; 25.5; 420.0
595.267; 0.0; 420.0
595.451; 25.5; 426.6666
595.636; 25.5; 426.6666
595.821; 25.5; 426.6666
596.006; 25.5; 420.0
596.19; 25.5; 420.0
596.374; 0.0; 420.0
596.558; 25.5; 420.0
596.742; 25.5; 426.6666
596.927; 0.0; 426.6666
597.114; 25.5; 426.6666
597.299; 25.5; 420.0
597.484; 25.5; 420.0
597.668; 25.5; 426.6666
597.858; 0.0; 426.6666
598.043; 25.5; 426.6666
598.228; 25.5; 426.6666
598.413; 25.5; 420.0
598.597; 25.5; 420.0
598.782; 0.0; 420.0
598.966; 25.5; 426.6666
599.151; 25.5; 426.6666
599.336; 25.5; 426.6666
599.521; 25.5; 426.6666
599.706; 25.5; 420.0
599.89; 25.5; 420.0
600.074; 0.0; 420.0
600.258; 25.5; 420.0
600.442; 25.5; 426.6666
600.627; 0.0; 426.6666
600.812; 25.5; 420.0
600.996; 25.5; 420.0
601.18; 0.0; 420.0
601.364; 25.5; 426.6666
601.549; 25.5; 426.6666
601.734; 25.5; 426.6666
601.924; 25.5; 426.6666
602.109; 25.5; 420.0
602.293; 25.5; 420.0
602.477; 0.0; 426.6666
602.662; 25.5; 426.6666
602.849; 25.5; 426.6666
603.034; 25.5; 420.0
603.218; 25.5; 420.0
603.4019; 0.0; 420.0
603.586; 0.0; 420.0
603.77; 0.0; 420.0
603.954; 25.5; 426.6666
604.1389; 25.5; 426.6666
604.324; 25.5; 426.6666
604.509; 25.5; 420.0
604.693; 25.5; 420.0
604.877; 0.0; 420.0
605.061; 25.5; 426.6666
605.246; 25.5; 426.6666
605.431; 25.5; 420.0
605.615; 25.5; 420.0
605.799; 0.0; 420.0
605.983; 25.5; 426.6666
606.168; 25.5; 426.6666
606.358; 25.5; 426.6666
606.543; 25.5; 420.0
606.727; 25.5; 420.0
606.911; 0.0; 420.0
607.095; 25.5; 420.0
607.279; 25.5; 426.6666
607.464; 0.0; 426.6666
607.649; 25.5; 420.0
607.833; 25.5; 420.0
608.017; 0.0; 420.0
608.201; 0.0; 420.0
608.385; 0.0; 426.6666
608.573; 25.5; 426.6666
608.758; 25.5; 426.6666
608.943; 25.5; 426.6666
609.128; 25.5; 420.0
609.312; 25.5; 420.0
609.496; 0.0; 426.6666
609.681; 25.5; 426.6666
609.866; 25.5; 426.6666
610.051; 25.5; 420.0
610.235; 25.5; 420.0
610.419; 0.0; 420.0
610.608; 25.5; 426.6666
610.793; 25.5; 426.6666
610.978; 25.5; 426.6666
611.163; 25.5; 420.0
611.347; 25.5; 420.0
611.531; 0.0; 420.0
611.715; 25.25; 420.0
611.9; 25.5; 420.0
612.084; 25.5; 426.6666
612.269; 25.5; 426.6666
612.454; 25.5; 426.6666
612.639; 25.5; 420.0
612.823; 25.5; 420.0
613.007; 0.0; 420.0
613.191; 25.5; 426.6666
613.3759; 25.5; 426.6666
613.561; 25.5; 420.0
613.745; 25.5; 420.0
613.929; 0.0; 420.0
614.1129; 25.5; 426.6666
614.301; 25.5; 426.6666
614.486; 25.5; 426.6666
614.671; 25.5; 420.0
614.86; 25.5; 420.0
615.044; 0.0; 420.0
615.228; 25.5; 420.0
615.412; 25.5; 420.0
615.596; 0.0; 420.0
615.78; 25.5; 426.6666
615.965; 25.5; 426.6666
616.15; 25.5; 420.0
616.334; 25.5; 420.0
616.518; 25.5; 420.0
616.702; 0.0; 426.6666
616.887; 25.5; 426.6666
617.072; 25.5; 426.6666
617.257; 25.25; 420.0
617.442; 25.5; 420.0
617.626; 25.5; 426.6666
617.811; 0.0; 426.6666
617.996; 25.5; 426.6666
618.181; 25.5; 420.0
618.366; 25.5; 420.0
618.55; 25.5; 420.0
618.734; 0.0; 420.0
618.918; 25.5; 420.0
619.108; 25.5; 420.0
619.293; 25.5; 426.6666
619.479; 0.0; 426.6666
619.665; 25.5; 426.6666
619.851; 25.5; 426.6666
620.037; 25.5; 420.0
620.224; 25.5; 420.0
620.409; 0.0; 420.0
620.594; 25.5; 426.6666
620.78; 25.5; 426.6666
620.966; 25.5; 426.6666
621.152; 25.5; 426.6666
621.338; 25.25; 420.0
621.523; 25.5; 420.0
621.708; 25.5; 420.0
621.893; 0.0; 426.6666
622.0789; 25.5; 426.6666
622.265; 25.5; 426.6666
622.451; 25.5; 426.6666
622.637; 25.5; 420.0
622.822; 25.5; 420.0
623.007; 0.0; 420.0
623.192; 25.5; 420.0
623.382; 25.5; 420.0
623.567; 25.5; 426.6666
623.753; 25.5; 426.6666
623.939; 25.5; 420.0
624.124; 25.5; 420.0
624.309; 0.0; 420.0
624.494; 25.5; 420.0
624.679; 25.5; 420.0
624.864; 0.0; 420.0
625.05; 25.5; 426.6666
625.235; 25.25; 426.6666
625.42; 25.5; 426.6666
625.609; 25.5; 420.0
625.796; 25.5; 420.0
625.981; 25.5; 420.0
626.165; 25.5; 420.0
626.35; 0.0; 426.6666
626.536; 25.5; 426.6666
626.722; 25.5; 426.6666
626.908; 25.5; 420.0
627.093; 25.5; 420.0
627.278; 0.0; 420.0
627.462; 25.5; 426.6666
627.648; 25.5; 426.6666
627.83; 25.5; 426.6666
628.015; 25.5; 420.0
628.2; 25.5; 420.0
628.384; 25.5; 420.0
628.568; 25.5; 420.0
628.752; 0.0; 420.0
628.936; 25.5; 426.6666
629.121; 25.5; 426.6666
629.306; 25.5; 420.0
629.49; 25.5; 420.0
629.674; 0.0; 420.0
629.858; 25.5; 426.6666
630.043; 25.5; 426.6666
630.228; 25.5; 420.0
630.412; 25.5; 420.0
630.596; 0.0; 420.0
630.78; 25.25; 420.0
630.965; 25.5; 420.0
631.15; 25.5; 426.6666
631.335; 25.5; 420.0
631.519; 25.5; 420.0
631.708; 0.0; 420.0
631.892; 0.5; 420.0
632.081; 0.0; 420.0
632.265; 25.5; 420.0
632.449; 25.5; 426.6666
632.634; 0.0; 426.6666
632.8189; 25.5; 426.6666
633.004; 25.5; 420.0
633.188; 25.5; 420.0
633.373; 0.0; 420.0
633.557; 25.25; 426.6666
633.742; 25.25; 426.6666
